EKF_x,EKF_y,EKF_theta,PM_x,PM_y,PM_theta,errorEKF_x,errorEKF_y,errorEKF_theta,errorPM,EKFCovXX,EKFCovXY,EKFCovXTheta,EKFCovYX,EKFCovYY,EKFCovYTheta,EKFCovThetaX,EKFCovThetaY,EKFCovThetaTheta
-0.667655,-0.305561,1.51299,-0.667655,-0.305561,1.51299,-0.00615221,0.0891533,-0.0376756,10.3978,0.000999999,0,0,0,0.000999999,0,0,0,0.000999999
-0.672496,-0.298359,1.4984,-0.677106,-0.2915,1.4845,-0.0110397,0.0963485,-0.0522516,8.8244,0.000512195,0,0,0,0.000512195,0,0,0,0.000512195
-0.674504,-0.295271,1.49233,-0.678076,-0.289778,1.48152,-0.0130476,0.0994365,-0.0583241,8.78737,0.000359875,0,0,0,0.000359875,0,0,0,0.000359875
-0.675667,-0.293397,1.4888,-0.678506,-0.288823,1.4802,-0.0142442,0.101338,-0.061849,8.77525,0.000290717,0,0,0,0.000290717,0,0,0,0.000290717
-0.676391,-0.292188,1.48465,-0.678515,-0.28864,1.47248,-0.0149678,0.102547,-0.0659969,9.02627,0.000254131,0,0,0,0.000254131,0,0,0,0.000254131
-0.676942,-0.291248,1.48165,-0.678753,-0.288157,1.47179,-0.0155393,0.103523,-0.0690273,9.01354,0.000233206,0,0,0,0.000233206,0,0,0,0.000233206
-0.677384,-0.290495,1.47933,-0.678946,-0.287838,1.47114,-0.0159815,0.104275,-0.0713473,9.02857,0.000220702,0,0,0,0.000220702,0,0,0,0.000220702
-0.677754,-0.289884,1.47747,-0.679118,-0.287623,1.47059,-0.016351,0.104887,-0.0732094,9.01504,0.000213033,0,0,0,0.000213033,0,0,0,0.000213033
-0.678069,-0.289375,1.47597,-0.67927,-0.287441,1.47027,-0.0166822,0.105416,-0.0747394,8.97337,0.000208255,0,0,0,0.000208255,0,0,0,0.000208255
-0.678418,-0.289571,1.4759,-0.679768,-0.29033,1.47563,-0.0170309,0.10522,-0.0748091,9.29256,0.000205249,0,0,0,0.000205249,0,0,0,0.000205249
-0.67869,-0.289726,1.47585,-0.679756,-0.290334,1.47563,-0.017303,0.105065,-0.0748632,9.30343,0.000203345,0,0,0,0.000203345,0,0,0,0.000203345
-0.67891,-0.289843,1.47581,-0.679779,-0.290304,1.47569,-0.0175244,0.104952,-0.074875,9.30518,0.000202135,0,0,0,0.000202135,0,0,0,0.000202135
-0.679085,-0.289933,1.47579,-0.679781,-0.290291,1.47567,-0.0176997,0.104861,-0.0749032,9.30518,0.000201364,0,0,0,0.000201364,0,0,0,0.000201364
-0.6792,-0.289992,1.47586,-0.67977,-0.290322,1.47562,-0.0178209,0.1048,-0.0748341,9.29256,0.000200872,-7.49131e-14,-3.07984e-09,-7.49131e-14,0.000200872,3.72768e-09,-3.07984e-09,3.72768e-09,0.000200872
-0.679291,-0.290041,1.47592,-0.679772,-0.290329,1.47565,-0.0179126,0.104752,-0.0747716,9.31417,0.000200558,-2.12626e-13,-5.04334e-09,-2.12626e-13,0.000200558,6.10368e-09,-5.04334e-09,6.10368e-09,0.000200558
-0.67926,-0.290547,1.47535,-0.679575,-0.292737,1.47103,-0.0178807,0.104246,-0.0753377,8.93594,0.000200357,-1.07362e-12,-8.72909e-09,-1.07362e-12,0.000200357,1.81241e-08,-8.72909e-09,1.81241e-08,0.000200357
-0.679274,-0.290947,1.47469,-0.679564,-0.292737,1.47103,-0.0179674,0.103855,-0.075976,8.93594,0.000200228,-1.64269e-12,-1.17199e-08,-1.64269e-12,0.000200228,1.90247e-08,-1.17199e-08,1.90247e-08,0.000200228
-0.679332,-0.291304,1.47396,-0.679565,-0.292731,1.47103,-0.0180257,0.103498,-0.07671,8.93603,0.000200146,-9.36842e-13,-7.498e-09,-9.36842e-13,0.000200146,1.21714e-08,-7.498e-09,1.21714e-08,0.000200146
-0.67936,-0.291615,1.47349,-0.679565,-0.292744,1.47109,-0.0181144,0.103196,-0.0771714,8.92444,0.000200093,-3.84499e-13,-1.07964e-09,-3.84499e-13,0.000200093,1.08482e-08,-1.07964e-09,1.08482e-08,0.000200093
-0.679337,-0.291868,1.47332,-0.679551,-0.29274,1.47111,-0.0180912,0.102944,-0.077336,8.94743,0.00020006,1.97096e-13,3.68596e-09,1.97096e-13,0.00020006,1.67779e-08,3.68596e-09,1.67779e-08,0.00020006
-0.68089,-0.291146,1.47267,-0.687199,-0.288145,1.46953,-0.019645,0.103665,-0.0779922,11.562,0.000200038,4.78334e-13,6.0776e-09,4.78334e-13,0.000200038,1.37939e-08,6.0776e-09,1.37939e-08,0.000200038
-0.682172,-0.290479,1.47193,-0.687298,-0.287811,1.46899,-0.0209308,0.104332,-0.0787183,11.5399,0.000200025,2.63196e-13,3.88943e-09,2.63196e-13,0.000200025,8.82758e-09,3.88943e-09,8.82758e-09,0.000200025
-0.683191,-0.289906,1.47136,-0.68736,-0.287496,1.46858,-0.0219494,0.104906,-0.079286,11.555,0.000200016,4.13244e-13,6.21175e-09,4.13244e-13,0.000200016,8.70101e-09,6.21175e-09,8.70101e-09,0.000200016
-0.684048,-0.289371,1.47072,-0.687476,-0.287233,1.46816,-0.0227896,0.105418,-0.0799169,11.5446,0.00020001,2.36798e-13,3.97542e-09,2.36798e-13,0.00020001,5.56851e-09,3.97542e-09,5.56851e-09,0.00020001
-0.684749,-0.288904,1.47014,-0.687556,-0.287035,1.4678,-0.0234913,0.105886,-0.0805013,11.5636,0.000200006,1.40214e-13,2.54423e-09,1.40214e-13,0.000200006,3.56379e-09,2.54423e-09,3.56379e-09,0.000200006
-0.685306,-0.288462,1.46971,-0.68765,-0.286786,1.46746,-0.024054,0.106326,-0.0809344,11.5636,0.000200004,4.87203e-15,-1.41642e-09,4.87203e-15,0.000200004,6.00865e-09,-1.41642e-09,6.00865e-09,0.000200004
-0.684389,-0.288277,1.47038,-0.680838,-0.287635,1.47258,-0.023137,0.10651,-0.080256,9.07592,0.000200003,-1.65973e-13,-3.94958e-09,-1.65973e-13,0.000200003,7.57465e-09,-3.94958e-09,7.57465e-09,0.000200003
-0.68363,-0.288169,1.47106,-0.680804,-0.287713,1.47272,-0.0223777,0.106619,-0.0795822,9.06456,0.000200002,-1.5135e-13,-1.84713e-09,-1.5135e-13,0.000200002,1.16205e-08,-1.84713e-09,1.16205e-08,0.000200002
-0.682945,-0.288083,1.47193,-0.680747,-0.287796,1.47285,-0.0217407,0.106686,-0.0786766,9.0932,0.000200001,-4.96017e-13,-2.88538e-09,-4.96017e-13,0.000200001,2.47074e-08,-2.88538e-09,2.47074e-08,0.000200001
-0.682279,-0.288137,1.473,-0.680653,-0.288034,1.47313,-0.0210748,0.106633,-0.07761,9.08008,0.000200001,2.56517e-12,8.2518e-09,2.56517e-12,0.000200001,4.90192e-08,8.2518e-09,4.90192e-08,0.000200001
-0.681713,-0.288147,1.474,-0.680621,-0.288181,1.47333,-0.0205081,0.106622,-0.0766132,9.07048,0.0002,2.83902e-12,5.50565e-09,2.83902e-12,0.0002,6.89633e-08,5.50565e-09,6.89633e-08,0.0002
-0.681235,-0.288153,1.47509,-0.680519,-0.28838,1.47376,-0.0198636,0.106411,-0.0775516,9.06829,0.0002,-1.06031e-12,-3.07494e-09,-1.06031e-12,0.0002,8.23761e-08,-3.07494e-09,8.23761e-08,0.0002
-0.680745,-0.28839,1.47525,-0.680171,-0.289308,1.47023,-0.0193735,0.106174,-0.0773849,8.62415,0.0002,-6.26788e-13,-1.19086e-09,-6.26788e-13,0.0002,9.70887e-08,-1.19086e-09,9.70887e-08,0.0002
-0.680365,-0.28852,1.4753,-0.680159,-0.289341,1.47031,-0.0190208,0.105699,-0.0818782,8.62967,0.0002,-7.18352e-12,-1.04719e-08,-7.18352e-12,0.0002,1.04077e-07,-1.04719e-08,1.04077e-07,0.0002
-0.679947,-0.288631,1.47567,-0.680124,-0.289427,1.47041,-0.0186023,0.105588,-0.081512,8.60386,0.0002,-1.61559e-11,-1.82243e-08,-1.61559e-11,0.0002,1.25807e-07,-1.82243e-08,1.25807e-07,0.0002
-0.679561,-0.288693,1.47597,-0.680103,-0.289483,1.47043,-0.0182169,0.105527,-0.0812139,8.59339,0.0002,-3.13395e-11,-2.93495e-08,-3.13395e-11,0.0002,1.47122e-07,-2.93495e-08,1.47122e-07,0.0002
-0.679161,-0.288676,1.47642,-0.680105,-0.289538,1.47048,-0.0182862,0.105473,-0.0845485,8.59872,0.0002,-6.24651e-11,-4.87988e-08,-6.24651e-11,0.0002,1.75571e-07,-4.87988e-08,1.75571e-07,0.0002
-0.678606,-0.287159,1.47942,-0.678913,-0.28182,1.48467,-0.0177319,0.10699,-0.0815526,9.24003,0.0002,-8.16205e-11,-5.44848e-08,-8.16205e-11,0.0002,1.93142e-07,-5.44848e-08,1.93142e-07,0.0002
-0.678067,-0.285932,1.48224,-0.678874,-0.281927,1.48475,-0.0178916,0.107897,-0.0822362,9.23086,0.0002,-1.10284e-10,-6.39748e-08,-1.10284e-10,0.0002,2.18472e-07,-6.39748e-08,2.18472e-07,0.0002
-0.677556,-0.284949,1.48465,-0.678802,-0.28201,1.48494,-0.0173805,0.108879,-0.0798327,9.24484,0.0002,-1.42999e-10,-7.28401e-08,-1.42999e-10,0.0002,2.45061e-07,-7.28401e-08,2.45061e-07,0.0002
-0.677053,-0.28419,1.48662,-0.678755,-0.282111,1.48519,-0.0168777,0.109638,-0.0778591,9.24343,0.0002,-1.7478e-10,-7.76269e-08,-1.7478e-10,0.000200001,2.75567e-07,-7.76269e-08,2.75567e-07,0.0002
-0.676604,-0.283594,1.48759,-0.678731,-0.282156,1.48527,-0.0179338,0.109834,-0.0813365,9.23301,0.0002,-2.02408e-10,-8.02709e-08,-2.02408e-10,0.000200001,3.01837e-07,-8.02709e-08,3.01837e-07,0.0002
-0.67607,-0.283279,1.48786,-0.678748,-0.282146,1.48529,-0.0173997,0.110149,-0.0810714,9.22259,0.0002,-1.79022e-10,-5.57428e-08,-1.79022e-10,0.000200001,3.47208e-07,-5.57428e-08,3.47208e-07,0.0002
-0.67472,-0.284644,1.48914,-0.674443,-0.29011,1.49118,-0.0175843,0.108385,-0.0763681,9.36139,0.0002,-1.43451e-10,-3.58359e-08,-1.43451e-10,0.000200001,3.86142e-07,-3.58359e-08,3.86142e-07,0.0002
-0.673442,-0.285805,1.49023,-0.67422,-0.290716,1.492,-0.0163063,0.107225,-0.0752815,9.32582,0.0002,-1.37677e-10,-3.15336e-08,-1.37677e-10,0.000200002,4.3563e-07,-3.15336e-08,4.3563e-07,0.0002
-0.672344,-0.28688,1.49145,-0.674036,-0.291229,1.49273,-0.0174273,0.105008,-0.0837094,9.33402,0.0002,-1.1161e-10,-2.17068e-08,-1.1161e-10,0.000200002,4.73534e-07,-2.17068e-08,4.73534e-07,0.000199999
-0.67131,-0.287917,1.49253,-0.673865,-0.291638,1.49322,-0.0163939,0.103972,-0.0826327,9.33206,0.0002,-4.01798e-11,-4.83854e-10,-4.01798e-11,0.000200002,5.17081e-07,-4.83854e-10,5.17081e-07,0.000199999
-0.670371,-0.288873,1.4935,-0.673708,-0.292036,1.49376,-0.0154543,0.103015,-0.0816637,9.32583,0.0002,5.09135e-11,2.07069e-08,5.09135e-11,0.000200003,5.58012e-07,2.07069e-08,5.58012e-07,0.000199999
-0.668477,-0.28907,1.49504,-0.668618,-0.288949,1.49759,-0.0174657,0.102429,-0.0877205,9.34953,0.0002,1.6367e-10,4.23942e-08,1.6367e-10,0.000200003,6.04068e-07,4.23942e-08,6.04068e-07,0.000199999
-0.66694,-0.289353,1.49579,-0.668575,-0.289049,1.49775,-0.0159284,0.102146,-0.0869717,9.3497,0.0002,3.28491e-10,7.32777e-08,3.28491e-10,0.000200003,6.3568e-07,7.32777e-08,6.3568e-07,0.000199999
-0.665741,-0.289584,1.49643,-0.66852,-0.289094,1.49796,-0.0184604,0.102007,-0.086431,9.3697,0.0002,4.54589e-10,9.23481e-08,4.54589e-10,0.000200004,6.49158e-07,9.23481e-08,6.49158e-07,0.000199999
-0.664813,-0.289646,1.49675,-0.668511,-0.289133,1.49804,-0.0175324,0.101945,-0.0861088,9.37953,0.0002,4.5706e-10,8.35911e-08,4.5706e-10,0.000200004,6.5253e-07,8.35911e-08,6.5253e-07,0.000199999
-0.664047,-0.289676,1.49692,-0.668507,-0.289137,1.49812,-0.0167665,0.101915,-0.0859385,9.37147,0.0002,4.41132e-10,7.47992e-08,4.41132e-10,0.000200004,6.58339e-07,7.47992e-08,6.58339e-07,0.000199999
-0.661092,-0.29033,1.49449,-0.657132,-0.292538,1.48475,-0.0156009,0.101767,-0.0829845,9.39913,0.0002,3.8829e-10,5.96715e-08,3.8829e-10,0.000200004,6.72999e-07,5.96715e-08,6.72999e-07,0.000199999
-0.658699,-0.290798,1.49244,-0.65712,-0.29256,1.48481,-0.0132081,0.101299,-0.085025,9.38882,0.0002,3.03432e-10,4.0715e-08,3.03432e-10,0.000200004,6.86523e-07,4.0715e-08,6.86523e-07,0.000199998
-0.656741,-0.291181,1.49061,-0.657113,-0.292576,1.48485,-0.015905,0.10073,-0.0897864,9.37886,0.0002,2.41597e-10,2.97065e-08,2.41597e-10,0.000200004,7.01958e-07,2.97065e-08,7.01958e-07,0.000199998
-0.655122,-0.29141,1.48936,-0.657098,-0.292584,1.48487,-0.0142862,0.100502,-0.0910391,9.38917,0.0002,1.35363e-10,1.00505e-08,1.35363e-10,0.000200005,7.19706e-07,1.00505e-08,7.19706e-07,0.000199998
-0.653874,-0.291679,1.48816,-0.657086,-0.292604,1.4849,-0.0130379,0.100233,-0.0922435,9.38018,0.0002,1.15173e-10,1.08911e-08,1.15173e-10,0.000200005,7.23182e-07,1.08911e-08,7.23182e-07,0.000199998
-0.652855,-0.291967,1.48751,-0.657063,-0.292635,1.48493,-0.017394,0.0997735,-0.0912685,9.38062,0.0002,1.54081e-10,2.20996e-08,1.54081e-10,0.000200005,7.27951e-07,2.20996e-08,7.27951e-07,0.000199998
-0.650534,-0.291389,1.48853,-0.648768,-0.28836,1.49209,-0.0150733,0.100351,-0.0902461,10.0043,0.0002,2.21466e-10,3.76057e-08,2.21466e-10,0.000200005,7.06407e-07,3.76057e-08,7.06407e-07,0.000199998
-0.648692,-0.29102,1.48928,-0.648708,-0.288522,1.49227,-0.0175448,0.100665,-0.0911163,10.0233,0.0002,3.15192e-10,5.72106e-08,3.15192e-10,0.000200005,6.88408e-07,5.72106e-08,6.88408e-07,0.000199998
-0.647171,-0.290752,1.49012,-0.648688,-0.288641,1.4924,-0.0160243,0.100934,-0.0902834,9.98132,0.0002,3.90096e-10,7.00719e-08,3.90096e-10,0.000200004,6.83707e-07,7.00719e-08,6.83707e-07,0.000199998
-0.645804,-0.290644,1.4907,-0.648653,-0.288801,1.49252,-0.0146576,0.101042,-0.089697,9.99814,0.0002,5.12991e-10,9.02258e-08,5.12991e-10,0.000200005,7.03646e-07,9.02258e-08,7.03646e-07,0.000199998
-0.644719,-0.290567,1.49132,-0.648596,-0.288966,1.49277,-0.0176035,0.101185,-0.0890454,9.96617,0.0002,5.89857e-10,9.92699e-08,5.89857e-10,0.000200005,7.13319e-07,9.92699e-08,7.13319e-07,0.000199998
-0.642273,-0.29153,1.49216,-0.640142,-0.294998,1.4955,-0.0151577,0.100223,-0.0882136,9.51119,0.0002,5.01626e-10,7.62006e-08,5.01626e-10,0.000200005,7.0133e-07,7.62006e-08,7.0133e-07,0.000199998
-0.640213,-0.292306,1.49246,-0.640066,-0.295214,1.49576,-0.018346,0.0990266,-0.0814099,9.50127,0.0002,4.0851e-10,5.56505e-08,4.0851e-10,0.000200005,7.0777e-07,5.56505e-08,7.0777e-07,0.000199998
-0.63847,-0.292965,1.49276,-0.640015,-0.295373,1.49604,-0.0166031,0.0983677,-0.081111,9.51223,0.0002,3.42467e-10,4.34922e-08,3.42467e-10,0.000200005,7.25465e-07,4.34922e-08,7.25465e-07,0.000199998
-0.637039,-0.293467,1.49294,-0.639963,-0.295561,1.49626,-0.0151722,0.0978656,-0.0809308,9.50983,0.0002,2.43446e-10,2.57537e-08,2.43446e-10,0.000200005,7.40986e-07,2.57537e-08,7.40986e-07,0.000199998
-0.635867,-0.294012,1.49322,-0.639888,-0.295743,1.49644,-0.0184678,0.0968427,-0.082777,9.53004,0.0002,2.50625e-10,3.15465e-08,2.50625e-10,0.000200005,7.52979e-07,3.15465e-08,7.52979e-07,0.000199998
-0.634891,-0.29459,1.49326,-0.639863,-0.295803,1.4965,-0.0174919,0.0962644,-0.0827432,9.51809,0.0002,3.66527e-10,5.61371e-08,3.66527e-10,0.000200005,7.65842e-07,5.61371e-08,7.65842e-07,0.000199998
-0.632279,-0.293852,1.49268,-0.630559,-0.289258,1.49192,-0.0198384,0.0965456,-0.0780268,9.58233,0.0002,5.43618e-10,8.84553e-08,5.43618e-10,0.000200005,7.69372e-07,8.84553e-08,7.69372e-07,0.000199998
-0.63012,-0.293343,1.49258,-0.630502,-0.289318,1.49213,-0.0176792,0.0970547,-0.0781343,9.57223,0.0002,7.46037e-10,1.20166e-07,7.46037e-10,0.000200006,7.81003e-07,1.20166e-07,7.81003e-07,0.000199998
-0.628449,-0.292968,1.49262,-0.630455,-0.289396,1.49229,-0.0160078,0.0974301,-0.0780853,9.57223,0.0002,9.0752e-10,1.43051e-07,9.0752e-10,0.000200006,7.78004e-07,1.43051e-07,7.78004e-07,0.000199998
-0.627212,-0.292639,1.49257,-0.630436,-0.289406,1.49234,-0.0175849,0.0981227,-0.082229,9.57223,0.0002,9.87133e-10,1.52998e-07,9.87133e-10,0.000200005,7.5938e-07,1.52998e-07,7.5938e-07,0.000199998
-0.626128,-0.292302,1.49253,-0.63042,-0.289424,1.49237,-0.016501,0.0984597,-0.0822681,9.57223,0.0002,9.94516e-10,1.4687e-07,9.94516e-10,0.000200005,7.62093e-07,1.4687e-07,7.62093e-07,0.000199998
-0.625281,-0.291973,1.4924,-0.630437,-0.289449,1.49239,-0.0156535,0.0987895,-0.082399,9.57289,0.0002,9.40482e-10,1.3255e-07,9.40482e-10,0.000200005,7.61228e-07,1.3255e-07,7.61228e-07,0.000199998
-0.622081,-0.293069,1.49294,-0.618044,-0.296253,1.49668,-0.0177919,0.0980133,-0.0793851,8.98344,0.0002,9.03675e-10,1.24027e-07,9.03675e-10,0.000200005,7.67445e-07,1.24027e-07,7.67445e-07,0.000199998
-0.61946,-0.293953,1.49322,-0.617968,-0.296485,1.49694,-0.0151713,0.0971296,-0.0791056,9.00563,0.0002,8.47381e-10,1.1224e-07,8.47381e-10,0.000200006,7.78754e-07,1.1224e-07,7.78754e-07,0.000199998
-0.617352,-0.294735,1.4937,-0.617891,-0.296649,1.49715,-0.0187184,0.0968176,-0.076642,8.98755,0.0002,8.36488e-10,1.11328e-07,8.36488e-10,0.000200006,7.8548e-07,1.11328e-07,7.8548e-07,0.000199998
-0.615622,-0.295524,1.49433,-0.61784,-0.296815,1.49739,-0.0169885,0.0960288,-0.0760084,8.99339,0.0002,9.41187e-10,1.31418e-07,9.41187e-10,0.000200006,7.95024e-07,1.31418e-07,7.95024e-07,0.000199998
-0.61414,-0.29612,1.49524,-0.617694,-0.296938,1.49783,-0.0155068,0.0954326,-0.0751028,8.95525,0.0002,9.85273e-10,1.34574e-07,9.85273e-10,0.000200006,8.1215e-07,1.34574e-07,8.1215e-07,0.000199998
-0.611416,-0.295206,1.49508,-0.609969,-0.289555,1.49543,-0.0176714,0.0963787,-0.0764946,10.9286,0.0002,1.09037e-09,1.50051e-07,1.09037e-09,0.000200006,8.221e-07,1.50051e-07,8.221e-07,0.000199998
-0.609283,-0.294523,1.49476,-0.609973,-0.289602,1.49553,-0.0155387,0.0970616,-0.0768137,10.9286,0.0002,1.19952e-09,1.66351e-07,1.19952e-09,0.000200006,8.21135e-07,1.66351e-07,8.21135e-07,0.000199998
-0.607679,-0.293945,1.49418,-0.609961,-0.28959,1.49547,-0.0195593,0.0974824,-0.0806117,10.9286,0.0002,1.23937e-09,1.7229e-07,1.23937e-09,0.000200006,8.03763e-07,1.7229e-07,8.03763e-07,0.000199998
-0.606548,-0.293489,1.49382,-0.609972,-0.289572,1.49546,-0.0184284,0.0979378,-0.0809734,10.9382,0.0002,1.24672e-09,1.77768e-07,1.24672e-09,0.000200006,7.686e-07,1.77768e-07,7.686e-07,0.000199998
-0.605598,-0.293039,1.49352,-0.609986,-0.289546,1.4954,-0.0229269,0.0985732,-0.0768547,10.919,0.0002,1.19346e-09,1.68322e-07,1.19346e-09,0.000200005,7.53916e-07,1.68322e-07,7.53916e-07,0.000199998
-0.604814,-0.29261,1.49316,-0.610002,-0.289516,1.49536,-0.0221434,0.0990017,-0.0772084,10.919,0.0002,1.10689e-09,1.52476e-07,1.10689e-09,0.000200005,7.48685e-07,1.52476e-07,7.48685e-07,0.000199998
-0.601554,-0.293427,1.49023,-0.59715,-0.295342,1.48163,-0.0188831,0.0981845,-0.0801368,11.5629,0.0002,1.0365e-09,1.39802e-07,1.0365e-09,0.000200005,7.55773e-07,1.39802e-07,7.55773e-07,0.000199998
-0.598891,-0.294095,1.48813,-0.597087,-0.29538,1.48181,-0.0204537,0.0982222,-0.0836671,11.5782,0.0002,9.94583e-10,1.32979e-07,9.94583e-10,0.000200005,7.66979e-07,1.32979e-07,7.66979e-07,0.000199998
-0.596717,-0.294808,1.48686,-0.596949,-0.29594,1.48229,-0.0182801,0.0975086,-0.0849393,11.573,0.0002,1.02142e-09,1.39555e-07,1.02142e-09,0.000200006,7.76624e-07,1.39555e-07,7.76624e-07,0.000199998
-0.594825,-0.295443,1.48612,-0.596819,-0.296197,1.48264,-0.0219706,0.0965606,-0.081731,11.5044,0.0002,1.0751e-09,1.45762e-07,1.0751e-09,0.000200006,8.03089e-07,1.45762e-07,8.03089e-07,0.000199998
-0.593279,-0.296103,1.4857,-0.596714,-0.296421,1.48298,-0.0204241,0.0958998,-0.0821522,11.5058,0.0002,1.21517e-09,1.67165e-07,1.21517e-09,0.000200006,8.21948e-07,1.67165e-07,8.21948e-07,0.000199998
-0.590275,-0.296447,1.48521,-0.587437,-0.295319,1.48324,-0.01742,0.0955565,-0.082641,12.3161,0.0002,1.34248e-09,1.86697e-07,1.34248e-09,0.000200006,8.19824e-07,1.86697e-07,8.19824e-07,0.000199998
-0.587869,-0.296732,1.48479,-0.587328,-0.295485,1.48364,-0.0176775,0.0959686,-0.0807161,12.3179,0.0002,1.41649e-09,1.95697e-07,1.41649e-09,0.000200006,8.15317e-07,1.95697e-07,8.15317e-07,0.000199998
-0.585895,-0.296835,1.48441,-0.587249,-0.295594,1.48392,-0.0157032,0.0958654,-0.0810959,12.319,0.0002,1.35225e-09,1.78173e-07,1.35225e-09,0.000200006,8.17833e-07,1.78173e-07,8.17833e-07,0.000199998
-0.584406,-0.296915,1.48445,-0.587178,-0.295728,1.48408,-0.0196291,0.0965513,-0.0799089,12.3289,0.0002,1.25314e-09,1.62099e-07,1.25314e-09,0.000200006,8.02784e-07,1.62099e-07,8.02784e-07,0.000199998
-0.583206,-0.296966,1.48492,-0.587157,-0.295877,1.48421,-0.0184298,0.0965,-0.0794391,12.3211,0.0002,1.14026e-09,1.44875e-07,1.14026e-09,0.000200006,7.93762e-07,1.44875e-07,7.93762e-07,0.000199998
-0.582167,-0.296973,1.48544,-0.587104,-0.296,1.48441,-0.0173906,0.0964928,-0.0789204,12.3112,0.0002,1.014e-09,1.24379e-07,1.014e-09,0.000200006,7.99054e-07,1.24379e-07,7.99054e-07,0.000199998
-0.578627,-0.29627,1.4883,-0.573939,-0.291846,1.49867,-0.0199451,0.0978756,-0.0772726,10.7817,0.0002,1.04038e-09,1.32764e-07,1.04038e-09,0.000200006,8.14269e-07,1.32764e-07,8.14269e-07,0.000199998
-0.575715,-0.29576,1.49074,-0.573756,-0.29211,1.49947,-0.0170332,0.0983858,-0.0748263,10.7622,0.0002,1.07147e-09,1.37824e-07,1.07147e-09,0.000200006,8.3094e-07,1.37824e-07,8.3094e-07,0.000199998
-0.573342,-0.295438,1.49261,-0.573525,-0.292349,1.50007,-0.0146603,0.0987073,-0.0729579,10.7732,0.0002,1.13169e-09,1.4717e-07,1.13169e-09,0.000200006,8.4118e-07,1.4717e-07,8.4118e-07,0.000199998
-0.571438,-0.295278,1.4941,-0.573369,-0.292537,1.50056,-0.017763,0.0989648,-0.0782801,10.7694,0.0002,1.22795e-09,1.62525e-07,1.22795e-09,0.000200007,8.43644e-07,1.62525e-07,8.43644e-07,0.000199998
-0.569897,-0.295111,1.49516,-0.573314,-0.292779,1.50092,-0.0162219,0.0991316,-0.0772245,10.7317,0.0002,1.22694e-09,1.58404e-07,1.22694e-09,0.000200007,8.46353e-07,1.58404e-07,8.46353e-07,0.000199997
-0.567102,-0.294404,1.49211,-0.565068,-0.289864,1.48143,-0.0191254,0.101027,-0.0833447,13.111,0.0002,1.20192e-09,1.54409e-07,1.20192e-09,0.000200007,8.3457e-07,1.54409e-07,8.3457e-07,0.000199997
-0.565033,-0.293824,1.48953,-0.565145,-0.289736,1.48128,-0.0170558,0.101607,-0.085919,13.0893,0.0002,1.16977e-09,1.54291e-07,1.16977e-09,0.000200006,8.02841e-07,1.54291e-07,8.02841e-07,0.000199998
-0.56345,-0.293264,1.48733,-0.565216,-0.289585,1.48108,-0.0217503,0.101997,-0.0821238,13.0893,0.0002,1.08245e-09,1.43931e-07,1.08245e-09,0.000200006,7.73044e-07,1.43931e-07,7.73044e-07,0.000199998
-0.562207,-0.292739,1.48584,-0.565252,-0.289522,1.48091,-0.0205075,0.102521,-0.0836117,13.0796,0.0002,9.6447e-10,1.27312e-07,9.6447e-10,0.000200006,7.51355e-07,1.27312e-07,7.51355e-07,0.000199998
-0.561137,-0.292322,1.48483,-0.565294,-0.289485,1.48081,-0.0194372,0.102939,-0.0846155,13.0877,0.0002,8.9344e-10,1.18147e-07,8.9344e-10,0.000200005,7.50994e-07,1.18147e-07,7.50994e-07,0.000199998
-0.560219,-0.291964,1.48412,-0.565312,-0.28944,1.48073,-0.0227549,0.103635,-0.0873502,13.0877,0.0002,8.37375e-10,1.10002e-07,8.37375e-10,0.000200005,7.61196e-07,1.10002e-07,7.61196e-07,0.000199998
-0.557275,-0.291456,1.48279,-0.555204,-0.28812,1.47539,-0.0198106,0.104142,-0.0886782,12.7904,0.0002,8.48741e-10,1.10908e-07,8.48741e-10,0.000200006,7.97936e-07,1.10908e-07,7.97936e-07,0.000199998
-0.554952,-0.290966,1.48153,-0.55519,-0.288132,1.47545,-0.022512,0.104706,-0.0883663,12.7853,0.0002,7.83717e-10,9.78225e-08,7.83717e-10,0.000200006,8.15798e-07,9.78225e-08,8.15798e-07,0.000199998
-0.553104,-0.290469,1.48042,-0.555184,-0.288141,1.47546,-0.020664,0.105204,-0.0894755,12.7853,0.0002,6.39527e-10,7.26193e-08,6.39527e-10,0.000200006,8.25317e-07,7.26193e-08,8.25317e-07,0.000199998
-0.551511,-0.290023,1.48006,-0.555174,-0.288161,1.47551,-0.0190717,0.105649,-0.0898364,12.7993,0.0002,4.84934e-10,4.7983e-08,4.84934e-10,0.000200007,8.49265e-07,4.7983e-08,8.49265e-07,0.000199998
-0.550261,-0.28979,1.48032,-0.555138,-0.288252,1.47566,-0.0204993,0.105373,-0.091188,12.8013,0.0002,4.55101e-10,4.87694e-08,4.55101e-10,0.000200007,8.59685e-07,4.87694e-08,8.59685e-07,0.000199998
-0.547113,-0.29012,1.48173,-0.544033,-0.290364,1.48117,-0.0173511,0.105042,-0.0897765,12.8148,0.0002,5.2276e-10,6.51928e-08,5.2276e-10,0.000200007,8.5468e-07,6.51928e-08,8.5468e-07,0.000199998
-0.544512,-0.290439,1.48383,-0.543837,-0.290623,1.48186,-0.0208301,0.104641,-0.0878615,12.7602,0.0002,5.81813e-10,7.55466e-08,5.81813e-10,0.000200007,8.5834e-07,7.55466e-08,8.5834e-07,0.000199997
-0.542526,-0.290812,1.4867,-0.543654,-0.291062,1.48266,-0.0188439,0.104269,-0.0849894,12.7818,0.0002,6.40006e-10,8.62062e-08,6.40006e-10,0.000200007,8.39881e-07,8.62062e-08,8.39881e-07,0.000199997
-0.540871,-0.291311,1.48989,-0.543369,-0.291329,1.48349,-0.0171889,0.10377,-0.0818017,12.7754,0.0002,8.09261e-10,1.15949e-07,8.09261e-10,0.000200007,8.29713e-07,1.15949e-07,8.29713e-07,0.000199998
-0.539582,-0.291691,1.49259,-0.543137,-0.291505,1.48423,-0.0211615,0.102527,-0.0822842,12.7648,0.0002,8.81353e-10,1.2623e-07,8.81353e-10,0.000200006,8.10342e-07,1.2623e-07,8.10342e-07,0.000199998
-0.538531,-0.291987,1.49517,-0.542967,-0.2918,1.48481,-0.0201111,0.102231,-0.0796989,12.8027,0.0002,8.71081e-10,1.21516e-07,8.71081e-10,0.000200006,7.95455e-07,1.21516e-07,7.95455e-07,0.000199998
-0.53513,-0.293334,1.50027,-0.530498,-0.297499,1.49841,-0.0167099,0.100884,-0.0746031,12.5126,0.0002,8.49248e-10,1.14996e-07,8.49248e-10,0.000200006,7.96471e-07,1.14996e-07,7.96471e-07,0.000199998
-0.5323,-0.294512,1.50453,-0.530168,-0.298018,1.49934,-0.018513,0.0997767,-0.0760701,12.4831,0.0002,8.29836e-10,1.098e-07,8.29836e-10,0.000200006,8.04099e-07,1.098e-07,8.04099e-07,0.000199998
-0.529805,-0.295699,1.50815,-0.529826,-0.298569,1.50039,-0.0160185,0.09859,-0.0724497,12.4947,0.0002,9.45942e-10,1.27254e-07,9.45942e-10,0.000200006,8.3507e-07,1.27254e-07,8.3507e-07,0.000199998
-0.527765,-0.296812,1.5112,-0.52958,-0.298984,1.50116,-0.0193456,0.0972823,-0.0784193,12.41,0.0002,1.11112e-09,1.50854e-07,1.11112e-09,0.000200007,8.54318e-07,1.50854e-07,8.54318e-07,0.000199998
-0.526223,-0.297804,1.51354,-0.52938,-0.29934,1.50169,-0.0178028,0.0962904,-0.0760801,12.3785,0.0002,1.2468e-09,1.70754e-07,1.2468e-09,0.000200007,8.4607e-07,1.70754e-07,8.4607e-07,0.000199997
-0.52356,-0.297794,1.52126,-0.521864,-0.295906,1.53092,-0.0205283,0.0975453,-0.0810579,13.9988,0.0002,1.25126e-09,1.68488e-07,1.25126e-09,0.000200006,8.28077e-07,1.68488e-07,8.28077e-07,0.000199998
-0.52126,-0.297828,1.52817,-0.521571,-0.296449,1.53201,-0.0182282,0.0975111,-0.0741453,14.0245,0.0002,1.20416e-09,1.55177e-07,1.20416e-09,0.000200006,8.34492e-07,1.55177e-07,8.34492e-07,0.000199998
-0.519306,-0.297919,1.53444,-0.521331,-0.296897,1.53312,-0.0162745,0.0974203,-0.0678768,13.9728,0.0002,1.14392e-09,1.41322e-07,1.14392e-09,0.000200007,8.49272e-07,1.41322e-07,8.49272e-07,0.000199997
-0.517665,-0.298023,1.54035,-0.521055,-0.297191,1.53398,-0.0199736,0.097422,-0.0712254,13.9835,0.0002,1.06628e-09,1.26889e-07,1.06628e-09,0.000200007,8.62525e-07,1.26889e-07,8.62525e-07,0.000199997
-0.516299,-0.298326,1.54523,-0.520769,-0.297478,1.5347,-0.0186082,0.0971185,-0.0663523,13.9837,0.0002,1.14911e-09,1.42984e-07,1.14911e-09,0.000200007,8.70591e-07,1.42984e-07,8.70591e-07,0.000199997
-0.515219,-0.298753,1.54883,-0.520606,-0.297798,1.53531,-0.0237838,0.0974059,-0.0840763,13.986,0.0002,1.31887e-09,1.72187e-07,1.31887e-09,0.000200007,8.68835e-07,1.72187e-07,8.68835e-07,0.000199997
-0.512074,-0.301377,1.55945,-0.508397,-0.309837,1.57401,-0.0206384,0.0947823,-0.07346,13.1652,0.0002,1.33522e-09,1.75733e-07,1.33522e-09,0.000200007,8.40981e-07,1.75733e-07,8.40981e-07,0.000199997
-0.509536,-0.303514,1.56844,-0.507785,-0.311046,1.57598,-0.0181011,0.0926455,-0.0644687,13.117,0.0002,1.14544e-09,1.44236e-07,1.14544e-09,0.000200006,8.06955e-07,1.44236e-07,8.06955e-07,0.000199997
-0.507356,-0.3055,1.57582,-0.507352,-0.311942,1.57743,-0.0190278,0.0911539,-0.0602481,13.1024,0.0002,1.08474e-09,1.38664e-07,1.08474e-09,0.000200006,7.95739e-07,1.38664e-07,7.95739e-07,0.000199998
-0.505301,-0.307307,1.58217,-0.506874,-0.312652,1.57861,-0.0169732,0.0893467,-0.0538992,13.0838,0.0002,1.13064e-09,1.46158e-07,1.13064e-09,0.000200006,8.23104e-07,1.46158e-07,8.23104e-07,0.000199998
-0.503577,-0.308887,1.58715,-0.506584,-0.31326,1.57968,-0.0198544,0.0881223,-0.0754856,13.0838,0.0002,1.1833e-09,1.52423e-07,1.1833e-09,0.000200007,8.44419e-07,1.52423e-07,8.44419e-07,0.000199998
-0.502065,-0.310303,1.59074,-0.506256,-0.313737,1.58028,-0.0183431,0.0867065,-0.0718958,13.1072,0.0002,1.28632e-09,1.65031e-07,1.28632e-09,0.000200007,8.6875e-07,1.65031e-07,8.6875e-07,0.000199997
-0.499734,-0.308734,1.5979,-0.499592,-0.300965,1.60268,-0.0160117,0.0882754,-0.0647391,13.885,0.0002,1.21499e-09,1.52475e-07,1.21499e-09,0.000200007,8.49994e-07,1.52475e-07,8.49994e-07,0.000199997
-0.497797,-0.307479,1.60431,-0.499333,-0.301538,1.6035,-0.0198445,0.0903729,-0.0706235,13.9381,0.0002,1.05301e-09,1.25021e-07,1.05301e-09,0.000200007,8.41176e-07,1.25021e-07,8.41176e-07,0.000199997
-0.496062,-0.306599,1.6098,-0.499051,-0.302001,1.6043,-0.0181095,0.0912526,-0.0651338,13.9748,0.0002,9.63741e-10,1.11447e-07,9.63741e-10,0.000200007,8.56386e-07,1.11447e-07,8.56386e-07,0.000199997
-0.494556,-0.305981,1.61487,-0.498783,-0.302365,1.60515,-0.0166028,0.091871,-0.0600563,14.0128,0.0002,9.08169e-10,1.03732e-07,9.08169e-10,0.000200007,8.76664e-07,1.03732e-07,8.76664e-07,0.000199997
-0.493337,-0.305572,1.61853,-0.498621,-0.302716,1.60573,-0.0202732,0.0931437,-0.0692473,14.0152,0.0002,8.77334e-10,1.00911e-07,8.77334e-10,0.000200007,8.86557e-07,1.00911e-07,8.86557e-07,0.000199997
-0.489854,-0.306173,1.62717,-0.485667,-0.307494,1.63637,-0.0167893,0.092543,-0.0606081,13.4053,0.0002,8.45505e-10,9.88184e-08,8.45505e-10,0.000200007,8.79401e-07,9.88184e-08,8.79401e-07,0.000199997
-0.486856,-0.306609,1.63374,-0.485221,-0.308001,1.63776,-0.0198766,0.0926048,-0.0719005,13.3324,0.0002,6.9365e-10,7.338e-08,6.9365e-10,0.000200007,8.94198e-07,7.338e-08,8.94198e-07,0.000199997
-0.484554,-0.307098,1.63862,-0.484869,-0.308484,1.63898,-0.017575,0.0921157,-0.0670244,13.3383,0.0002,6.01244e-10,6.3814e-08,6.01244e-10,0.000200007,8.77018e-07,6.3814e-08,8.77018e-07,0.000199997
-0.482618,-0.307577,1.6412,-0.484623,-0.30876,1.63964,-0.0220151,0.0913137,-0.0806499,13.3188,0.0002,5.67159e-10,6.30659e-08,5.67159e-10,0.000200007,8.73344e-07,6.30659e-08,8.73344e-07,0.000199997
-0.481071,-0.307823,1.64242,-0.484478,-0.30883,1.64008,-0.0204684,0.0910677,-0.0794258,13.3502,0.0002,4.0624e-10,3.86284e-08,4.0624e-10,0.000200007,8.6591e-07,3.86284e-08,8.6591e-07,0.000199997
-0.479883,-0.308011,1.64251,-0.484398,-0.308884,1.64029,-0.0192802,0.0908795,-0.0793355,13.1947,0.0002,2.66363e-10,2.0313e-08,2.66363e-10,0.000200007,8.50724e-07,2.0313e-08,8.50724e-07,0.000199997
-0.478998,-0.305831,1.64381,-0.485248,-0.297416,1.64896,-0.0233127,0.0931717,-0.0938367,17.4024,0.0002,1.3849e-10,4.14237e-09,1.3849e-10,0.000200007,8.57736e-07,4.14237e-09,8.57736e-07,0.000199997
-0.478297,-0.303941,1.64468,-0.485347,-0.297229,1.64863,-0.0226111,0.095062,-0.0929688,17.3594,0.0002,-5.76996e-11,-2.37924e-08,-5.76996e-11,0.000200007,8.64369e-07,-2.37924e-08,8.64369e-07,0.000199997
-0.477793,-0.302475,1.64468,-0.485454,-0.297029,1.64826,-0.0277825,0.0960209,-0.0990709,17.3725,0.0002,-1.27545e-10,-2.76261e-08,-1.27545e-10,0.000200007,8.62815e-07,-2.76261e-08,8.62815e-07,0.000199997
-0.477392,-0.301248,1.64493,-0.485562,-0.296865,1.64799,-0.0273816,0.0972484,-0.0988173,17.406,0.0002,-1.97457e-10,-3.38427e-08,-1.97457e-10,0.000200007,8.64961e-07,-3.38427e-08,8.64961e-07,0.000199997
-0.476951,-0.300321,1.6453,-0.485629,-0.296765,1.6478,-0.0269407,0.0981749,-0.098447,17.3804,0.0002,-1.83655e-10,-2.59126e-08,-1.83655e-10,0.000200007,8.87694e-07,-2.59126e-08,8.87694e-07,0.000199997
-0.472977,-0.301632,1.646,-0.467747,-0.306836,1.64881,-0.0256677,0.0962895,-0.0960925,13.4517,0.0002,-1.32069e-10,-1.47663e-08,-1.32069e-10,0.000200008,9.09535e-07,-1.47663e-08,9.09535e-07,0.000199997
-0.469774,-0.302777,1.6469,-0.467419,-0.307307,1.64951,-0.0224648,0.0951445,-0.0951873,13.5187,0.0002,-8.6337e-11,-7.44514e-09,-8.6337e-11,0.000200008,9.16727e-07,-7.44514e-09,9.16727e-07,0.000199997
-0.4673,-0.303737,1.64754,-0.467209,-0.307695,1.65013,-0.0264827,0.0926997,-0.0904165,13.5138,0.0002,-8.1932e-11,-8.21027e-09,-8.1932e-11,0.000200008,9.00453e-07,-8.21027e-09,9.00453e-07,0.000199997
-0.465299,-0.304459,1.64836,-0.467067,-0.307901,1.65061,-0.0244818,0.0919768,-0.0895999,13.4997,0.0002,-1.60367e-10,-2.25552e-08,-1.60367e-10,0.000200007,8.88987e-07,-2.25552e-08,8.88987e-07,0.000199997
-0.463651,-0.305092,1.64878,-0.466947,-0.308084,1.65097,-0.0228342,0.091344,-0.0891845,13.5171,0.0002,-2.05446e-10,-2.874e-08,-2.05446e-10,0.000200007,8.85298e-07,-2.874e-08,8.85298e-07,0.000199997
-0.462406,-0.305537,1.64874,-0.466853,-0.308173,1.65118,-0.0267656,0.0904846,-0.094934,13.5568,0.0002,-3.07558e-10,-4.51869e-08,-3.07558e-10,0.000200007,8.68314e-07,-4.51869e-08,8.68314e-07,0.000199997
-0.459035,-0.305525,1.64824,-0.455192,-0.306336,1.64784,-0.0233947,0.0904963,-0.0954255,14.6345,0.0002,-3.90625e-10,-5.63063e-08,-3.90625e-10,0.000200007,8.64225e-07,-5.63063e-08,8.64225e-07,0.000199997
-0.456294,-0.305628,1.6476,-0.455101,-0.306588,1.64813,-0.026788,0.0889023,-0.0944208,14.6925,0.0002,-3.96743e-10,-5.3232e-08,-3.96743e-10,0.000200007,8.65808e-07,-5.3232e-08,8.65808e-07,0.000199997
-0.454048,-0.305745,1.64726,-0.454952,-0.306657,1.64848,-0.0245425,0.088786,-0.0947628,14.693,0.0002,-3.80457e-10,-4.79685e-08,-3.80457e-10,0.000200007,8.70482e-07,-4.79685e-08,8.70482e-07,0.000199997
-0.45219,-0.306063,1.64736,-0.45482,-0.306837,1.64881,-0.0226837,0.0884672,-0.0946591,14.7147,0.0002,-1.92568e-10,-1.43325e-08,-1.92568e-10,0.000200007,8.79198e-07,-1.43325e-08,8.79198e-07,0.000199997
-0.45059,-0.306509,1.64764,-0.454617,-0.307285,1.64926,-0.0268561,0.0873165,-0.092494,14.6797,0.0002,5.41658e-11,2.33066e-08,5.41658e-11,0.000200007,8.96259e-07,2.33066e-08,8.96259e-07,0.000199997
-0.44727,-0.304776,1.64586,-0.443892,-0.296654,1.63973,-0.0235364,0.0890492,-0.0942723,15.6034,0.0002,2.71948e-10,5.20422e-08,2.71948e-10,0.000200007,8.90476e-07,5.20422e-08,8.90476e-07,0.000199997
-0.444714,-0.303321,1.64439,-0.443945,-0.29648,1.63952,-0.0265082,0.0895043,-0.0939499,15.5899,0.0002,3.99279e-10,6.5226e-08,3.99279e-10,0.000200007,8.72625e-07,6.5226e-08,8.72625e-07,0.000199997
-0.442626,-0.302045,1.64306,-0.444026,-0.296253,1.63928,-0.0244203,0.0907804,-0.095277,15.5986,0.0002,4.3458e-10,6.32175e-08,4.3458e-10,0.000200007,8.70585e-07,6.32175e-08,8.70585e-07,0.000199997
-0.440858,-0.300929,1.64174,-0.444161,-0.296029,1.63899,-0.0226527,0.0918962,-0.0966035,15.624,0.0002,4.18133e-10,5.41765e-08,4.18133e-10,0.000200007,8.89125e-07,5.41765e-08,8.89125e-07,0.000199997
-0.439468,-0.299951,1.64061,-0.444265,-0.295804,1.63868,-0.0274877,0.0922496,-0.0946372,15.6173,0.0002,3.61904e-10,4.20408e-08,3.61904e-10,0.000200007,9.00494e-07,4.20408e-08,9.00494e-07,0.000199997
-0.438423,-0.299081,1.63986,-0.444374,-0.295554,1.63838,-0.0264428,0.0931199,-0.0953909,15.6147,0.0002,2.77376e-10,2.82426e-08,2.77376e-10,0.000200008,9.00502e-07,2.82426e-08,9.00502e-07,0.000199997
-0.435119,-0.29885,1.64037,-0.432193,-0.297159,1.64242,-0.0295489,0.0925753,-0.0961359,15.9412,0.0002,3.52041e-10,4.30619e-08,3.52041e-10,0.000200008,9.05545e-07,4.30619e-08,9.05545e-07,0.000199997
-0.432333,-0.298896,1.64115,-0.431945,-0.297708,1.6432,-0.0267623,0.0925296,-0.0953615,15.9744,0.0002,5.35276e-10,7.17118e-08,5.35276e-10,0.000200008,9.23796e-07,7.17118e-08,9.23796e-07,0.000199997
-0.43007,-0.29912,1.64198,-0.431713,-0.298117,1.64376,-0.0245001,0.0923051,-0.0945273,15.9657,0.0002,7.85664e-10,1.06951e-07,7.85664e-10,0.000200008,9.33324e-07,1.06951e-07,9.33324e-07,0.000199997
-0.428317,-0.299337,1.64276,-0.431557,-0.298491,1.64431,-0.025871,0.0919258,-0.0940115,15.9206,0.0002,9.32835e-10,1.23403e-07,9.32835e-10,0.000200008,9.25408e-07,1.23403e-07,9.25408e-07,0.000199997
-0.426962,-0.299431,1.64315,-0.431441,-0.29861,1.6447,-0.0245162,0.0918319,-0.0936221,15.9206,0.0002,9.32873e-10,1.17566e-07,9.32873e-10,0.000200008,9.08956e-07,1.17566e-07,9.08956e-07,0.000199997
-0.423643,-0.300728,1.64382,-0.42028,-0.304519,1.64653,-0.0273824,0.0910062,-0.0976702,14.3094,0.0002,9.65925e-10,1.20496e-07,9.65925e-10,0.000200008,8.98934e-07,1.20496e-07,8.98934e-07,0.000199997
-0.420872,-0.301927,1.64436,-0.420064,-0.304822,1.64708,-0.0246121,0.0898076,-0.0971253,14.324,0.0002,1.09277e-09,1.38427e-07,1.09277e-09,0.000200008,9.03966e-07,1.38427e-07,9.03966e-07,0.000199997
-0.418562,-0.302971,1.64533,-0.419823,-0.305056,1.64764,-0.0223018,0.0887633,-0.0961614,14.1761,0.0002,1.23426e-09,1.55839e-07,1.23426e-09,0.000200008,9.14543e-07,1.55839e-07,9.14543e-07,0.000199997
-0.41657,-0.30398,1.64607,-0.419691,-0.305229,1.64799,-0.0262028,0.0870401,-0.0915538,14.186,0.0002,1.50106e-09,1.89187e-07,1.50106e-09,0.000200008,9.40117e-07,1.89187e-07,9.40117e-07,0.000199997
-0.415007,-0.304749,1.64628,-0.419618,-0.30524,1.64816,-0.0246397,0.0862715,-0.0913437,14.1741,0.0002,1.66338e-09,2.04174e-07,1.66338e-09,0.000200008,9.49205e-07,2.04174e-07,9.49205e-07,0.000199997
-0.413854,-0.305453,1.64608,-0.419488,-0.305429,1.64843,-0.0309052,0.0859074,-0.0914554,14.1741,0.0002,1.80793e-09,2.22184e-07,1.80793e-09,0.000200008,9.35141e-07,2.22184e-07,9.35141e-07,0.000199997
-0.409337,-0.307521,1.64442,-0.401247,-0.313552,1.64297,-0.0263879,0.083839,-0.093119,14.2533,0.0002,1.78161e-09,2.14082e-07,1.78161e-09,0.000200008,9.17778e-07,2.14082e-07,9.17778e-07,0.000199997
-0.40585,-0.309306,1.64271,-0.400932,-0.314026,1.64365,-0.0229006,0.0820537,-0.094829,14.2542,0.0002,1.74904e-09,2.15223e-07,1.74904e-09,0.000200007,8.76192e-07,2.15223e-07,8.76192e-07,0.000199997
-0.402992,-0.310992,1.6417,-0.400652,-0.31446,1.64438,-0.0266867,0.0813534,-0.0978032,14.2714,0.000200001,1.8766e-09,2.43531e-07,1.8766e-09,0.000200007,8.51375e-07,2.43531e-07,8.51375e-07,0.000199997
-0.400594,-0.312455,1.64156,-0.400419,-0.314939,1.64517,-0.024289,0.0798911,-0.0979393,14.1961,0.000200001,2.00547e-09,2.64438e-07,2.00547e-09,0.000200007,8.45875e-07,2.64438e-07,8.45875e-07,0.000199997
-0.398588,-0.313724,1.64235,-0.400093,-0.31534,1.64603,-0.027043,0.0798284,-0.0918419,14.2466,0.000200001,2.12652e-09,2.80741e-07,2.12652e-09,0.000200007,8.46074e-07,2.80741e-07,8.46074e-07,0.000199997
-0.396862,-0.31486,1.64345,-0.399818,-0.315861,1.64684,-0.0253173,0.0786928,-0.0907395,14.2129,0.000200001,2.25098e-09,2.93478e-07,2.25098e-09,0.000200007,8.5676e-07,2.93478e-07,8.5676e-07,0.000199997
-0.394646,-0.314807,1.64087,-0.394775,-0.310946,1.63364,-0.0231012,0.0787461,-0.0933189,15.642,0.000200001,2.30236e-09,3.03564e-07,2.30236e-09,0.000200007,8.36451e-07,3.03564e-07,8.36451e-07,0.000199997
-0.392778,-0.314654,1.63891,-0.394786,-0.31095,1.63365,-0.0268005,0.0802507,-0.0957877,15.656,0.000200001,2.27179e-09,2.92569e-07,2.27179e-09,0.000200007,8.38964e-07,2.92569e-07,8.38964e-07,0.000199997
-0.39116,-0.314439,1.63755,-0.394774,-0.310944,1.63364,-0.0251825,0.0804653,-0.0971496,15.642,0.000200001,2.19818e-09,2.71084e-07,2.19818e-09,0.000200007,8.59856e-07,2.71084e-07,8.59856e-07,0.000199997
-0.389867,-0.314275,1.63667,-0.394781,-0.310973,1.63368,-0.0293776,0.0816589,-0.0932952,15.652,0.000200001,2.1375e-09,2.5769e-07,2.1375e-09,0.000200007,8.73134e-07,2.5769e-07,8.73134e-07,0.000199997
-0.388729,-0.313998,1.63671,-0.394739,-0.31101,1.63376,-0.0282391,0.0819365,-0.0932555,15.6067,0.000200001,1.96785e-09,2.24204e-07,1.96785e-09,0.000200007,8.97027e-07,2.24204e-07,8.97027e-07,0.000199997
-0.385585,-0.315457,1.63772,-0.383466,-0.319527,1.6371,-0.0250957,0.0804775,-0.0922518,13.9853,0.0002,1.80534e-09,1.99461e-07,1.80534e-09,0.000200008,9.08719e-07,1.99461e-07,9.08719e-07,0.000199997
-0.382939,-0.316557,1.63821,-0.383194,-0.319868,1.63761,-0.0255427,0.0797221,-0.087379,13.9937,0.0002,1.56349e-09,1.6217e-07,1.56349e-09,0.000200008,9.28432e-07,1.6217e-07,9.28432e-07,0.000199997
-0.380781,-0.317451,1.63794,-0.383085,-0.320063,1.63793,-0.0233842,0.0788274,-0.0876459,14.0111,0.0002,1.35424e-09,1.34823e-07,1.35424e-09,0.000200008,9.44202e-07,1.34823e-07,9.44202e-07,0.000199997
-0.37904,-0.318153,1.63794,-0.382885,-0.320303,1.63848,-0.0270032,0.0789296,-0.0950856,13.9997,0.0002,1.12915e-09,1.0741e-07,1.12915e-09,0.000200008,9.5021e-07,1.0741e-07,9.5021e-07,0.000199997
-0.377807,-0.318732,1.63755,-0.38284,-0.320338,1.6386,-0.0257708,0.0783507,-0.0954751,14.029,0.0002,9.54778e-10,9.18547e-08,9.54778e-10,0.000200008,9.26878e-07,9.18547e-08,9.26878e-07,0.000199997
-0.37679,-0.319225,1.63716,-0.382794,-0.320388,1.63871,-0.0247531,0.0778574,-0.0958672,14.0106,0.0002,8.50747e-10,8.5236e-08,8.50747e-10,0.000200008,9.15555e-07,8.5236e-08,9.15555e-07,0.000199997
-0.372359,-0.323068,1.63914,-0.364491,-0.337877,1.65024,-0.0274554,0.0733057,-0.091889,12.0305,0.0002,7.36953e-10,7.47807e-08,7.36953e-10,0.000200008,9.01059e-07,7.47807e-08,9.01059e-07,0.000199997
-0.368746,-0.32633,1.64125,-0.364064,-0.3385,1.65133,-0.0238425,0.0700442,-0.0897751,11.9841,0.0002,7.09761e-10,7.77612e-08,7.09761e-10,0.000200008,8.89127e-07,7.77612e-08,8.89127e-07,0.000199997
-0.365705,-0.329151,1.64367,-0.363668,-0.339066,1.65236,-0.0272996,0.0671731,-0.0896474,11.921,0.0002,7.90055e-10,9.50587e-08,7.90055e-10,0.000200008,8.92959e-07,9.50587e-08,8.92959e-07,0.000199997
-0.363174,-0.331408,1.64597,-0.363359,-0.339523,1.65312,-0.0247682,0.0649159,-0.0873524,11.9297,0.0002,7.73372e-10,9.11861e-08,7.73372e-10,0.000200008,9.01322e-07,9.11861e-08,9.01322e-07,0.000199997
-0.361196,-0.3332,1.64731,-0.363143,-0.339867,1.65375,-0.0277102,0.0634647,-0.0841696,11.9094,0.0002,6.74861e-10,7.56504e-08,6.74861e-10,0.000200007,8.92126e-07,7.56504e-08,8.92126e-07,0.000199997
-0.356557,-0.335565,1.64903,-0.348003,-0.345409,1.65698,-0.0230709,0.0610998,-0.0824526,10.5824,0.0002,4.359e-10,3.76182e-08,4.359e-10,0.000200007,8.90976e-07,3.76182e-08,8.90976e-07,0.000199997
-0.352767,-0.337491,1.65063,-0.347705,-0.345702,1.6576,-0.0192809,0.0591745,-0.080851,10.6431,0.0002,2.24651e-10,9.02845e-09,2.24651e-10,0.000200007,8.93347e-07,9.02845e-09,8.93347e-07,0.000199997
-0.349612,-0.339124,1.65221,-0.347529,-0.345999,1.65804,-0.0221705,0.0565575,-0.0734938,10.5665,0.0002,9.30768e-11,-4.17248e-09,9.30768e-11,0.000200008,9.08949e-07,-4.17248e-09,9.08949e-07,0.000199997
-0.347092,-0.340558,1.65376,-0.347371,-0.346204,1.65845,-0.0196502,0.0551238,-0.0719405,10.5903,0.0002,7.70027e-11,8.83879e-10,7.70027e-11,0.000200008,9.13244e-07,8.83879e-10,9.13244e-07,0.000199997
-0.345072,-0.341894,1.65506,-0.347211,-0.346296,1.65874,-0.0176302,0.0537873,-0.070638,10.6466,0.0002,2.33949e-10,3.13038e-08,2.33949e-10,0.000200008,9.11481e-07,3.13038e-08,9.11481e-07,0.000199997
-0.343418,-0.34297,1.65585,-0.347123,-0.346454,1.65903,-0.0222059,0.0525503,-0.0676879,10.6381,0.0002,3.38955e-10,4.67957e-08,3.38955e-10,0.000200008,9.13486e-07,4.67957e-08,9.13486e-07,0.000199997
-0.339447,-0.345741,1.65791,-0.333249,-0.355997,1.66723,-0.0182351,0.0497786,-0.0656305,10.587,0.0002,4.22142e-10,5.82645e-08,4.22142e-10,0.000200008,8.94437e-07,5.82645e-08,8.94437e-07,0.000199997
-0.336375,-0.348092,1.66038,-0.333524,-0.357097,1.67133,-0.0206954,0.0479489,-0.0646526,11.6292,0.0002,4.01752e-10,5.19955e-08,4.01752e-10,0.000200007,8.74342e-07,5.19955e-08,8.74342e-07,0.000199997
-0.333773,-0.350306,1.66313,-0.332999,-0.359021,1.6752,-0.0180937,0.0457354,-0.0619037,11.1616,0.0002,3.38568e-10,3.98516e-08,3.38568e-10,0.000200007,8.67689e-07,3.98516e-08,8.67689e-07,0.000199997
-0.331553,-0.352716,1.66679,-0.332538,-0.362075,1.68254,-0.0158737,0.0433247,-0.058238,11.3085,0.0002,3.19685e-10,3.73845e-08,3.19685e-10,0.000200007,8.70851e-07,3.73845e-08,8.70851e-07,0.000199997
-0.329324,-0.355674,1.67176,-0.330651,-0.367748,1.69169,-0.0161481,0.0402543,-0.0522722,10.0863,0.0002,2.14921e-10,1.97117e-08,2.14921e-10,0.000200007,8.85165e-07,1.97117e-08,8.85165e-07,0.000199997
-0.322626,-0.362031,1.68002,-0.30646,-0.388291,1.71322,-0.00945095,0.0338981,-0.0440098,3.51313,0.0002,3.32748e-11,-8.14278e-09,3.32748e-11,0.000200008,9.06473e-07,-8.14278e-09,9.06473e-07,0.000199997
-0.316935,-0.367599,1.68781,-0.305113,-0.390708,1.71755,-0.0101112,0.0280492,-0.0332009,3.37054,0.0002,-1.17773e-10,-2.66436e-08,-1.17773e-10,0.000200008,9.30438e-07,-2.66436e-08,9.30438e-07,0.000199997
-0.312314,-0.372379,1.69498,-0.304183,-0.391897,1.72015,-0.00549007,0.0232693,-0.0260308,3.33497,0.0002,-1.5099e-10,-2.5472e-08,-1.5099e-10,0.000200008,9.26908e-07,-2.5472e-08,9.26908e-07,0.000199997
-0.308535,-0.376438,1.70031,-0.303525,-0.392557,1.72175,-0.00171148,0.0192102,-0.0206961,3.35181,0.0002,-7.30973e-11,-8.64786e-09,-7.30973e-11,0.000200008,9.16567e-07,-8.64786e-09,9.16567e-07,0.000199997
-0.305382,-0.379639,1.7048,-0.303001,-0.393023,1.7228,0.0014419,0.0160085,-0.0162145,3.35565,0.0002,-1.45796e-10,-2.07336e-08,-1.45796e-10,0.000200008,9.14097e-07,-2.07336e-08,9.14097e-07,0.000199997
-0.302834,-0.382176,1.70823,-0.302721,-0.393231,1.72358,-0.00224127,0.0129167,-0.0199215,3.40253,0.0002,-2.67811e-10,-3.94745e-08,-2.67811e-10,0.000200008,9.07718e-07,-3.94745e-08,9.07718e-07,0.000199997
-0.299244,-0.384755,1.71289,-0.29439,-0.395537,1.73419,0.00134807,0.0103377,-0.0152582,3.65251,0.0002,-2.67154e-10,-3.62223e-08,-2.67154e-10,0.000200007,8.85178e-07,-3.62223e-08,8.85178e-07,0.000199997
-0.296255,-0.386713,1.71718,-0.294251,-0.395636,1.73439,0.00433704,0.00837926,-0.0109691,3.645,0.0002,-3.87921e-10,-5.50113e-08,-3.87921e-10,0.000200007,8.85126e-07,-5.50113e-08,8.85126e-07,0.000199997
-0.293783,-0.388222,1.72074,-0.294109,-0.395732,1.73452,-0.00465566,0.00668673,-0.00266549,3.6498,0.0002,-5.61784e-10,-8.00348e-08,-5.61784e-10,0.000200007,8.93559e-07,-8.00348e-08,8.93559e-07,0.000199997
-0.291724,-0.389477,1.72394,-0.29406,-0.395727,1.7347,-0.00259628,0.00543151,0.000532388,3.64993,0.0002,-6.611e-10,-8.87777e-08,-6.611e-10,0.000200008,9.104e-07,-8.87777e-08,9.104e-07,0.000199997
-0.290179,-0.39048,1.72683,-0.294029,-0.395761,1.73478,-0.00105143,0.00442877,0.00341942,3.63969,0.0002,-7.3582e-10,-9.63388e-08,-7.3582e-10,0.000200008,9.03705e-07,-9.63388e-08,9.03705e-07,0.000199997
-0.286578,-0.391101,1.72931,-0.281426,-0.394328,1.73666,-0.00318003,0.0033501,0.00106959,2.8382,0.0002,-6.76299e-10,-8.43266e-08,-6.76299e-10,0.000200007,8.74547e-07,-8.43266e-08,8.74547e-07,0.000199997
-0.283608,-0.391719,1.73089,-0.281294,-0.39435,1.73672,-0.000210609,0.00273236,0.00265218,2.85172,0.0002,-5.2713e-10,-5.81318e-08,-5.2713e-10,0.000200007,8.65788e-07,-5.81318e-08,8.65788e-07,0.000199997
-0.28113,-0.392063,1.73229,-0.281187,-0.394429,1.73686,0.00226763,0.00238801,0.00404926,2.85112,0.0002,-5.66685e-10,-6.81259e-08,-5.66685e-10,0.000200007,8.73169e-07,-6.81259e-08,8.73169e-07,0.000199997
-0.279225,-0.392275,1.7326,-0.281084,-0.394478,1.73697,-0.00111394,0.00245297,0.00295235,2.84423,0.0002,-6.58389e-10,-8.5897e-08,-6.58389e-10,0.000200007,8.62265e-07,-8.5897e-08,8.62265e-07,0.000199997
-0.277794,-0.392565,1.73255,-0.281108,-0.394469,1.737,0.000317457,0.00216323,0.00289908,2.84091,0.0002,-6.13459e-10,-7.77283e-08,-6.13459e-10,0.000200007,8.41215e-07,-7.77283e-08,8.41215e-07,0.000199997
-0.276529,-0.392705,1.73314,-0.281074,-0.394528,1.73706,-0.00388703,0.00157368,0.0053499,2.83402,0.0002,-6.7969e-10,-8.94269e-08,-6.7969e-10,0.000200007,8.45694e-07,-8.94269e-08,8.45694e-07,0.000199997
-0.273382,-0.392911,1.73341,-0.270694,-0.395146,1.73451,-0.000740096,0.00136781,0.00562039,2.86833,0.0002,-7.68613e-10,-1.02224e-07,-7.68613e-10,0.000200007,8.58047e-07,-1.02224e-07,8.58047e-07,0.000199997
-0.270768,-0.393092,1.73439,-0.27054,-0.395173,1.7347,-0.000825372,0.000766259,0.00954064,2.86833,0.0002,-8.38748e-10,-1.0909e-07,-8.38748e-10,0.000200007,8.76527e-07,-1.0909e-07,8.76527e-07,0.000199997
-0.268618,-0.393274,1.73541,-0.270496,-0.39519,1.73482,0.00132409,0.000584008,0.0105562,2.8969,0.0002,-8.6767e-10,-1.08292e-07,-8.6767e-10,0.000200007,8.9613e-07,-1.08292e-07,8.9613e-07,0.000199997
-0.266859,-0.393414,1.73623,-0.270507,-0.395202,1.73486,0.00308327,0.000443912,0.0113773,2.88738,0.0002,-9.01009e-10,-1.09245e-07,-9.01009e-10,0.000200008,9.1535e-07,-1.09245e-07,9.1535e-07,0.000199997
-0.265517,-0.393519,1.73699,-0.270501,-0.395225,1.73487,-0.00150572,-0.000355141,0.00907072,2.8969,0.0002,-9.29686e-10,-1.11841e-07,-9.29686e-10,0.000200008,9.16979e-07,-1.11841e-07,9.16979e-07,0.000199997
-0.264483,-0.393459,1.73791,-0.270473,-0.395222,1.73488,-0.000472046,-0.000294856,0.00999311,2.86833,0.0002,-1.08438e-09,-1.36804e-07,-1.08438e-09,0.000200008,9.10637e-07,-1.36804e-07,9.10637e-07,0.000199997
-0.261413,-0.393151,1.73759,-0.258402,-0.393237,1.73214,0.00259801,1.29826e-05,0.00966633,2.3721,0.0002,-1.05101e-09,-1.30966e-07,-1.05101e-09,0.000200007,8.79211e-07,-1.30966e-07,8.79211e-07,0.000199997
-0.258978,-0.392845,1.73744,-0.258346,-0.393235,1.7322,-0.00143705,-1.2519e-05,0.00378047,2.3721,0.0002,-1.07017e-09,-1.36669e-07,-1.07017e-09,0.000200007,8.54045e-07,-1.36669e-07,8.54045e-07,0.000199997
-0.256931,-0.392505,1.73776,-0.258206,-0.393245,1.73234,0.000609447,0.000327722,0.00410452,2.3836,0.0002,-1.18135e-09,-1.56129e-07,-1.18135e-09,0.000200007,8.49059e-07,-1.56129e-07,8.49059e-07,0.000199997
-0.255276,-0.392239,1.73886,-0.258117,-0.393271,1.73239,-0.00355648,-0.000604629,0.00947259,2.36096,0.0002,-1.26986e-09,-1.68994e-07,-1.26986e-09,0.000200007,8.45775e-07,-1.68994e-07,8.45775e-07,0.000199997
-0.253788,-0.392168,1.74017,-0.258067,-0.393255,1.73245,-0.00206825,-0.000534144,0.0107777,2.37005,0.0002,-1.23499e-09,-1.54369e-07,-1.23499e-09,0.000200007,8.68324e-07,-1.54369e-07,8.68324e-07,0.000199997
-0.24978,-0.39193,1.74233,-0.244381,-0.391907,1.73755,-0.00370837,-0.00109216,0.00823377,2.06087,0.0002,-1.12834e-09,-1.30469e-07,-1.12834e-09,0.000200007,8.9567e-07,-1.30469e-07,8.9567e-07,0.000199997
-0.246644,-0.391686,1.74397,-0.24436,-0.391907,1.73756,-0.000572182,-0.000847304,0.00986598,2.05932,0.0002,-1.08248e-09,-1.24145e-07,-1.08248e-09,0.000200007,9.01277e-07,-1.24145e-07,9.01277e-07,0.000199997
-0.244156,-0.391394,1.74539,-0.244271,-0.391943,1.73761,0.0019153,-0.000555607,0.0112856,2.05145,0.0002,-1.14151e-09,-1.3683e-07,-1.14151e-09,0.000200007,8.98454e-07,-1.3683e-07,8.98454e-07,0.000199997
-0.242264,-0.391053,1.74633,-0.244228,-0.391969,1.73768,-0.00252379,-0.00105566,0.000928386,2.0469,0.0002,-1.27813e-09,-1.63014e-07,-1.27813e-09,0.000200007,8.79572e-07,-1.63014e-07,8.79572e-07,0.000199997
-0.240725,-0.390757,1.7472,-0.24419,-0.391982,1.73774,-0.000984939,-0.000759684,0.00179745,2.0469,0.0002,-1.4102e-09,-1.84052e-07,-1.4102e-09,0.000200007,8.70151e-07,-1.84052e-07,8.70151e-07,0.000199997
-0.236798,-0.389768,1.75014,-0.230648,-0.387937,1.74846,0.00294248,0.000229672,0.00474106,1.39981,0.0002,-1.44948e-09,-1.87169e-07,-1.44948e-09,0.000200007,8.62519e-07,-1.87169e-07,8.62519e-07,0.000199997
-0.233537,-0.389047,1.75314,-0.230545,-0.387961,1.74859,0.000991128,-0.00125247,0.00234285,1.39277,0.0002,-1.43915e-09,-1.794e-07,-1.43915e-09,0.000200007,8.73243e-07,-1.794e-07,8.73243e-07,0.000199997
-0.230839,-0.388401,1.75538,-0.230473,-0.38792,1.74882,0.0036895,-0.000606831,0.00458427,1.39277,0.0002,-1.49995e-09,-1.84518e-07,-1.49995e-09,0.000200007,8.92058e-07,-1.84518e-07,8.92058e-07,0.000199997
-0.228753,-0.388048,1.75667,-0.230446,-0.387923,1.74888,0.000127804,-0.00131606,-0.00316762,1.38855,0.0002,-1.37976e-09,-1.61742e-07,-1.37976e-09,0.000200007,8.9172e-07,-1.61742e-07,8.9172e-07,0.000199997
-0.227042,-0.387676,1.7573,-0.230368,-0.387944,1.74895,0.00183809,-0.000944165,-0.0025383,1.40743,0.0002,-1.37402e-09,-1.62062e-07,-1.37402e-09,0.000200007,8.95603e-07,-1.62062e-07,8.95603e-07,0.000199997
-0.225765,-0.387314,1.75781,-0.230324,-0.387965,1.74899,4.76542e-05,-0.000929932,-0.00943676,1.40039,0.0002,-1.41803e-09,-1.7328e-07,-1.41803e-09,0.000200007,8.82121e-07,-1.7328e-07,8.82121e-07,0.000199997
-0.223351,-0.386869,1.76449,-0.222382,-0.387238,1.77774,0.00246099,-0.000485021,-0.00275981,2.11069,0.0002,-1.4048e-09,-1.78364e-07,-1.4048e-09,0.000200007,8.42691e-07,-1.78364e-07,8.42691e-07,0.000199997
-0.221407,-0.386549,1.77045,-0.22235,-0.387234,1.77774,0.00440479,-0.000164839,0.00320264,2.11353,0.0002,-1.36867e-09,-1.77014e-07,-1.36867e-09,0.000200007,8.18284e-07,-1.77014e-07,8.18284e-07,0.000199997
-0.219758,-0.386325,1.77586,-0.222331,-0.387294,1.77785,0.000104859,-0.00159232,0.00468494,2.10668,0.0002,-1.34599e-09,-1.7413e-07,-1.34599e-09,0.000200006,8.16946e-07,-1.7413e-07,8.16946e-07,0.000199997
-0.218282,-0.386175,1.7803,-0.222337,-0.387307,1.77784,0.00158097,-0.00144231,0.00911635,2.11353,0.0002,-1.33855e-09,-1.68892e-07,-1.33855e-09,0.000200007,8.41177e-07,-1.68892e-07,8.41177e-07,0.000199997
-0.217021,-0.386098,1.78374,-0.22231,-0.387305,1.77785,0.00284198,-0.00136601,0.0125612,2.10668,0.0002,-1.30897e-09,-1.59104e-07,-1.30897e-09,0.000200007,8.68583e-07,-1.59104e-07,8.68583e-07,0.000199997
-0.216097,-0.385942,1.78598,-0.222307,-0.387306,1.77786,-0.00132394,-0.00250368,0.00819061,2.10195,0.0002,-1.35831e-09,-1.68181e-07,-1.35831e-09,0.000200007,8.72341e-07,-1.68181e-07,8.72341e-07,0.000199997
-0.212926,-0.385152,1.79212,-0.210153,-0.384958,1.79858,0.00184714,-0.00171373,0.0143325,1.87232,0.0002,-1.56496e-09,-2.02835e-07,-1.56496e-09,0.000200007,8.75288e-07,-2.02835e-07,8.75288e-07,0.000199997
-0.210386,-0.384516,1.79747,-0.210126,-0.384969,1.79869,-0.00138216,-0.00235438,0.0039917,1.87874,0.0002,-1.73993e-09,-2.27123e-07,-1.73993e-09,0.000200007,8.76533e-07,-2.27123e-07,8.76533e-07,0.000199997
-0.208242,-0.38407,1.80218,-0.210067,-0.384991,1.79877,0.000761648,-0.00190805,0.00870222,1.87232,0.0002,-1.85042e-09,-2.34407e-07,-1.85042e-09,0.000200007,8.93134e-07,-2.34407e-07,8.93134e-07,0.000199997
-0.206461,-0.383744,1.80617,-0.209987,-0.385015,1.79885,-0.00325158,-0.00383006,-0.00585644,1.87232,0.0002,-1.92428e-09,-2.35701e-07,-1.92428e-09,0.000200008,9.11527e-07,-2.35701e-07,9.11527e-07,0.000199997
-0.205196,-0.383801,1.80824,-0.209959,-0.385019,1.79889,-0.00198644,-0.00388744,-0.00379341,1.87232,0.0002,-1.63646e-09,-1.85534e-07,-1.63646e-09,0.000200007,8.9722e-07,-1.85534e-07,8.9722e-07,0.000199997
-0.201919,-0.383079,1.8148,-0.198303,-0.381673,1.82554,0.00129068,-0.00316502,0.00277352,2.73004,0.0002,-1.46843e-09,-1.65504e-07,-1.46843e-09,0.000200007,8.78146e-07,-1.65504e-07,8.78146e-07,0.000199997
-0.199376,-0.382407,1.82018,-0.198255,-0.381673,1.82563,-0.00233195,-0.00375262,-0.000572468,2.74822,0.0002,-1.41752e-09,-1.68709e-07,-1.41752e-09,0.000200007,8.51545e-07,-1.68709e-07,8.51545e-07,0.000199997
-0.197315,-0.381881,1.8247,-0.198114,-0.381759,1.82572,-0.000270669,-0.00322715,0.00395188,2.749,0.0002,-1.39119e-09,-1.7239e-07,-1.39119e-09,0.000200007,8.34162e-07,-1.7239e-07,8.34162e-07,0.000199997
-0.195644,-0.381293,1.82906,-0.198121,-0.38174,1.82578,0.00140064,-0.00263908,0.00830732,2.73084,0.0002,-1.52555e-09,-2.0196e-07,-1.52555e-09,0.000200007,8.2645e-07,-2.0196e-07,8.2645e-07,0.000199997
-0.194307,-0.380821,1.83316,-0.198115,-0.381749,1.82574,-0.00262399,-0.0040465,0.00459625,2.74296,0.0002,-1.64048e-09,-2.22384e-07,-1.64048e-09,0.000200006,8.21039e-07,-2.22384e-07,8.21039e-07,0.000199997
-0.193083,-0.380528,1.83685,-0.198121,-0.381739,1.82574,-0.00140061,-0.00375334,0.0082887,2.73084,0.0002,-1.69569e-09,-2.2254e-07,-1.69569e-09,0.000200007,8.42254e-07,-2.2254e-07,8.42254e-07,0.000199997
-0.190077,-0.379698,1.84364,-0.187317,-0.378377,1.84751,-0.00407717,-0.00439365,0.00488056,4.14572,0.0002,-1.62231e-09,-2.07372e-07,-1.62231e-09,0.000200007,8.35379e-07,-2.07372e-07,8.35379e-07,0.000199997
-0.187766,-0.378952,1.84859,-0.187126,-0.378368,1.84771,-0.00176619,-0.00364695,0.00983507,4.1513,0.0002,-1.60584e-09,-2.11177e-07,-1.60584e-09,0.000200006,8.09541e-07,-2.11177e-07,8.09541e-07,0.000199997
-0.186026,-0.37817,1.85258,-0.186965,-0.378376,1.84783,-2.65091e-05,-0.0028651,0.0138223,4.16358,0.000200001,-1.71297e-09,-2.43853e-07,-1.71297e-09,0.000200006,7.70039e-07,-2.43853e-07,7.70039e-07,0.000199998
-0.184478,-0.37763,1.85577,-0.186968,-0.378383,1.84783,-0.00134967,-0.00275033,0.00695175,4.1516,0.000200001,-1.76811e-09,-2.51963e-07,-1.76811e-09,0.000200006,7.69687e-07,-2.51963e-07,7.69687e-07,0.000199998
-0.18313,-0.377187,1.85822,-0.186954,-0.378393,1.84783,-1.78809e-06,-0.00230779,0.00939948,4.15762,0.000200001,-1.85086e-09,-2.59606e-07,-1.85086e-09,0.000200006,7.86446e-07,-2.59606e-07,7.86446e-07,0.000199998
-0.180859,-0.376489,1.86912,-0.181411,-0.377105,1.88996,-0.00264277,-0.00374454,0.00953212,6.3189,0.000200001,-1.98939e-09,-2.73581e-07,-1.98939e-09,0.000200006,8.12173e-07,-2.73581e-07,8.12173e-07,0.000199998
-0.178929,-0.376017,1.87765,-0.181412,-0.377118,1.89,-0.000711837,-0.00327272,0.0180554,6.32475,0.000200001,-2.0644e-09,-2.70392e-07,-2.0644e-09,0.000200006,8.46575e-07,-2.70392e-07,8.46575e-07,0.000199997
-0.177424,-0.375608,1.88407,-0.181331,-0.377152,1.8901,0.000792721,-0.00286344,0.024479,6.3306,0.000200001,-2.14142e-09,-2.75355e-07,-2.14142e-09,0.000200007,8.59252e-07,-2.75355e-07,8.59252e-07,0.000199997
-0.176405,-0.375381,1.88922,-0.181295,-0.377158,1.89016,-0.00235822,-0.00381118,0.0110798,6.3306,0.000200001,-2.05966e-09,-2.63457e-07,-2.05966e-09,0.000200007,8.36506e-07,-2.63457e-07,8.36506e-07,0.000199997
-0.175549,-0.375248,1.89345,-0.181287,-0.37716,1.89017,-0.00150239,-0.00367881,0.0153074,6.33938,0.000200001,-1.96457e-09,-2.48755e-07,-1.96457e-09,0.000200006,8.27956e-07,-2.48755e-07,8.27956e-07,0.000199997
-0.174793,-0.375009,1.89714,-0.181261,-0.377187,1.89016,-0.00705376,-0.00542099,0.014177,6.33164,0.000200001,-2.03163e-09,-2.62288e-07,-2.03163e-09,0.000200006,8.32737e-07,-2.62288e-07,8.32737e-07,0.000199997
-0.1713,-0.373908,1.90267,-0.166804,-0.372698,1.90101,-0.0035616,-0.00431956,0.0197125,3.17037,0.000200001,-2.09366e-09,-2.72222e-07,-2.09366e-09,0.000200007,8.3536e-07,-2.72222e-07,8.3536e-07,0.000199997
-0.168355,-0.373026,1.90733,-0.16671,-0.372729,1.9011,-0.000616474,-0.00343771,0.0243664,3.16486,0.000200001,-2.19259e-09,-2.80682e-07,-2.19259e-09,0.000200007,8.57951e-07,-2.80682e-07,8.57951e-07,0.000199997
-0.166048,-0.372361,1.91054,-0.166681,-0.372754,1.90117,0.00169036,-0.00277238,0.027585,3.16138,0.000200001,-2.22367e-09,-2.80759e-07,-2.22367e-09,0.000200007,8.63503e-07,-2.80759e-07,8.63503e-07,0.000199997
-0.164268,-0.371758,1.91334,-0.166657,-0.372753,1.90125,0.00347128,-0.00217021,0.0303833,3.16716,0.000200001,-2.28935e-09,-2.92405e-07,-2.28935e-09,0.000200007,8.55687e-07,-2.92405e-07,8.55687e-07,0.000199997
-0.162788,-0.371174,1.91559,-0.166637,-0.372799,1.90127,-0.00647515,-0.00457696,0.00614622,3.16716,0.000200001,-2.45699e-09,-3.18148e-07,-2.45699e-09,0.000200007,8.58516e-07,-3.18148e-07,8.58516e-07,0.000199997
-0.161656,-0.370811,1.91739,-0.166635,-0.372786,1.90129,-0.00534354,-0.00421337,0.00794526,3.17294,0.000200001,-2.47553e-09,-3.17859e-07,-2.47553e-09,0.000200007,8.51923e-07,-3.17859e-07,8.51923e-07,0.000199997
-0.157791,-0.36959,1.92329,-0.151732,-0.3681,1.92311,-0.00147794,-0.00299221,0.0138511,4.36645,0.000200001,-2.45939e-09,-3.13889e-07,-2.45939e-09,0.000200007,8.45464e-07,-3.13889e-07,8.45464e-07,0.000199997
-0.154711,-0.368607,1.92847,-0.151786,-0.368101,1.92332,0.00160158,-0.00200954,0.0190322,4.36177,0.000200001,-2.45299e-09,-3.13274e-07,-2.45299e-09,0.000200007,8.40614e-07,-3.13274e-07,8.40614e-07,0.000199997
-0.152247,-0.367883,1.93169,-0.151781,-0.368105,1.92333,0.00406621,-0.0012851,0.0222481,4.35634,0.000200001,-2.39436e-09,-3.03329e-07,-2.39436e-09,0.000200007,8.375e-07,-3.03329e-07,8.375e-07,0.000199997
-0.150278,-0.367233,1.93375,-0.151779,-0.368108,1.92337,0.000535394,-0.00230372,0.00450126,4.36575,0.000200001,-2.40943e-09,-3.08486e-07,-2.40943e-09,0.000200007,8.34771e-07,-3.08486e-07,8.34771e-07,0.000199997
-0.148821,-0.366621,1.93499,-0.151737,-0.36811,1.92341,-0.00338672,-0.0040041,-0.0101551,4.36039,0.000200001,-2.45916e-09,-3.26422e-07,-2.45916e-09,0.000200006,8.12812e-07,-3.26422e-07,8.12812e-07,0.000199997
-0.14545,-0.365577,1.94263,-0.141329,-0.365504,1.95558,-1.60357e-05,-0.00296051,-0.00252077,3.12838,0.000200001,-2.55101e-09,-3.39327e-07,-2.55101e-09,0.000200006,8.20066e-07,-3.39327e-07,8.20066e-07,0.000199997
-0.14271,-0.364715,1.94896,-0.14129,-0.365486,1.95564,0.00272439,-0.00209861,0.00380634,3.12838,0.000200001,-2.66196e-09,-3.52451e-07,-2.66196e-09,0.000200006,8.29999e-07,-3.52451e-07,8.29999e-07,0.000199997
-0.140471,-0.364137,1.9534,-0.141273,-0.365484,1.95567,0.00496377,-0.00151978,0.00825273,3.12838,0.000200001,-2.66887e-09,-3.43594e-07,-2.66887e-09,0.000200007,8.43213e-07,-3.43594e-07,8.43213e-07,0.000199997
-0.138689,-0.363765,1.95675,-0.141274,-0.365492,1.95563,0.00674559,-0.00114809,0.0115963,3.13391,0.000200001,-2.58861e-09,-3.24057e-07,-2.58861e-09,0.000200007,8.49996e-07,-3.24057e-07,8.49996e-07,0.000199997
-0.137227,-0.36345,1.95901,-0.141282,-0.365503,1.95565,0.00134015,-0.00443188,-0.00306968,3.12373,0.000200001,-2.55384e-09,-3.15012e-07,-2.55384e-09,0.000200007,8.60339e-07,-3.15012e-07,8.60339e-07,0.000199997
-0.136153,-0.363188,1.96062,-0.14128,-0.365505,1.95565,0.00241439,-0.00417013,-0.00146401,3.12373,0.000200001,-2.50499e-09,-3.10961e-07,-2.50499e-09,0.000200007,8.51562e-07,-3.10961e-07,8.51562e-07,0.000199997
-0.133324,-0.362235,1.96525,-0.130819,-0.362445,1.975,0.00524329,-0.00321694,0.00317219,3.74608,0.000200001,-2.52995e-09,-3.26772e-07,-2.52995e-09,0.000200006,8.27303e-07,-3.26772e-07,8.27303e-07,0.000199997
-0.131048,-0.361441,1.96803,-0.130802,-0.362456,1.97502,0.00751854,-0.00242345,0.00595347,3.75106,0.000200001,-2.58086e-09,-3.42323e-07,-2.58086e-09,0.000200006,8.13162e-07,-3.42323e-07,8.13162e-07,0.000199997
-0.129203,-0.360813,1.96995,-0.130808,-0.362449,1.97503,0.0093638,-0.00179563,0.00786922,3.75106,0.000200001,-2.62347e-09,-3.51135e-07,-2.62347e-09,0.000200006,8.08248e-07,-3.51135e-07,8.08248e-07,0.000199997
-0.127695,-0.360386,1.97148,-0.130808,-0.362438,1.97503,0.0108722,-0.00136775,0.00940318,3.74577,0.000200001,-2.60395e-09,-3.44786e-07,-2.60395e-09,0.000200006,8.10149e-07,-3.44786e-07,8.10149e-07,0.000199997
-0.1264,-0.359981,1.97282,-0.130812,-0.362441,1.97505,0.000702679,-0.00439645,-0.0105937,3.75106,0.000200001,-2.67414e-09,-3.50991e-07,-2.67414e-09,0.000200006,8.25498e-07,-3.50991e-07,8.25498e-07,0.000199997
-0.123267,-0.358772,1.97569,-0.120499,-0.358154,1.98719,0.00116131,-0.00515914,-0.00788992,4.71758,0.000200001,-2.7602e-09,-3.57797e-07,-2.7602e-09,0.000200007,8.41513e-07,-3.57797e-07,8.41513e-07,0.000199997
-0.121326,-0.358003,1.97778,-0.120496,-0.358185,1.98716,0.00310267,-0.00439061,-0.00580387,4.72279,0.000200001,-2.45995e-09,-3.31714e-07,-2.45995e-09,0.000200006,7.61137e-07,-3.31714e-07,7.61137e-07,0.000199997
-0.120417,-0.357709,1.97904,-0.120482,-0.358165,1.9872,0.00401105,-0.0040968,-0.00454049,4.72767,0.000200001,-1.81381e-09,-2.63396e-07,-1.81381e-09,0.000200004,6.05929e-07,-2.63396e-07,6.05929e-07,0.000199998
-0.119941,-0.357539,1.97984,-0.120479,-0.358172,1.98717,0.0044876,-0.00392641,-0.00374244,4.728,0.000200001,-1.2924e-09,-2.09868e-07,-1.2924e-09,0.000200003,4.66349e-07,-2.09868e-07,4.66349e-07,0.000199998
-0.119814,-0.357563,1.98048,-0.120472,-0.358181,1.98717,-0.00335202,-0.00714124,-0.0124341,4.72279,0.0002,-8.45795e-10,-1.5052e-07,-8.45795e-10,0.000200002,3.35951e-07,-1.5052e-07,3.35951e-07,0.000199999
-0.119791,-0.357615,1.98099,-0.120477,-0.358173,1.98721,-0.00579045,-0.00875615,-0.00981599,4.72767,0.0002,-5.48252e-10,-1.07152e-07,-5.48252e-10,0.000200001,2.39993e-07,-1.07152e-07,2.39993e-07,0.000199999
-0.118429,-0.357705,1.98194,-0.113757,-0.358414,1.98987,-0.00442831,-0.00884626,-0.00887023,6.27531,0.0002,-3.6165e-10,-7.94091e-08,-3.6165e-10,0.000200001,1.78575e-07,-7.94091e-08,1.78575e-07,0.000199999
-0.117447,-0.357775,1.98309,-0.113962,-0.358368,1.99026,-0.00344652,-0.00891558,-0.00772384,6.20776,0.0002,-2.37307e-10,-6.07333e-08,-2.37307e-10,0.000200001,1.28533e-07,-6.07333e-08,1.28533e-07,0.0002
-0.116656,-0.357854,1.98414,-0.113739,-0.3584,1.98993,-0.0026553,-0.00899495,-0.00666559,6.26521,0.0002,-1.54187e-10,-4.60757e-08,-1.54187e-10,0.0002,9.02548e-08,-4.60757e-08,9.02548e-08,0.0002
-0.116019,-0.357924,1.98498,-0.11372,-0.358434,1.98987,-0.00646579,-0.011001,-0.00339013,6.27671,0.0002,-1.01209e-10,-3.67033e-08,-1.01209e-10,0.0002,6.57491e-08,-3.67033e-08,6.57491e-08,0.0002
-0.115566,-0.357995,1.98583,-0.113947,-0.358365,1.99028,-0.00597636,-0.0111966,-0.000946249,6.20842,0.0002,-6.53668e-11,-2.62278e-08,-6.53668e-11,0.0002,4.83114e-08,-2.62278e-08,4.83114e-08,0.0002
-0.115305,-0.357243,1.98487,-0.114542,-0.354123,1.98205,-0.00571541,-0.0104441,-0.00191038,4.87508,0.0002,-4.12616e-11,-1.32993e-08,-4.12616e-11,0.0002,3.98919e-08,-1.32993e-08,3.98919e-08,0.0002
-0.115098,-0.356638,1.9841,-0.114551,-0.354112,1.98205,-0.00550856,-0.00983993,-0.00268082,4.86916,0.0002,-2.58455e-11,-5.01631e-09,-2.58455e-11,0.0002,3.45001e-08,-5.01631e-09,3.45001e-08,0.0002
-0.114961,-0.356146,1.98358,-0.114553,-0.35412,1.98204,-0.00537158,-0.00934719,-0.0031955,4.87142,0.0002,-1.62418e-11,-1.45996e-09,-1.62418e-11,0.0002,2.65636e-08,-1.45996e-09,2.65636e-08,0.0002
-0.114878,-0.355739,1.98328,-0.114544,-0.354111,1.98205,-0.00528806,-0.00894038,-0.00350192,4.87787,0.0002,-1.03749e-11,-9.34374e-10,-1.03749e-11,0.0002,1.70007e-08,-9.34374e-10,1.70007e-08,0.0002
-0.1148,-0.355387,1.98293,-0.114544,-0.354118,1.98205,-0.0063916,-0.00825807,0.00172965,4.87508,0.0002,-7.01031e-12,-5.08008e-09,-7.01031e-12,0.0002,1.26346e-08,-5.08008e-09,1.26346e-08,0.0002
-0.114748,-0.355131,1.98276,-0.114542,-0.354107,1.98206,-0.00633991,-0.00800212,0.00155577,4.87787,0.0002,-4.45374e-12,-3.25125e-09,-4.45374e-12,0.0002,8.08615e-09,-3.25125e-09,8.08615e-09,0.0002
-0.114515,-0.355042,1.98142,-0.113581,-0.354688,1.9761,-0.00610642,-0.00791363,0.000224042,4.68024,0.0002,-2.83693e-12,-2.0808e-09,-2.83693e-12,0.0002,5.17513e-09,-2.0808e-09,5.17513e-09,0.0002
-0.114327,-0.354972,1.98035,-0.113574,-0.354689,1.97607,-0.00591832,-0.00784303,-0.000847539,4.68024,0.0002,-1.81012e-12,-1.33171e-09,-1.81012e-12,0.0002,3.31209e-09,-1.33171e-09,3.31209e-09,0.0002
-0.114177,-0.354914,1.97949,-0.11358,-0.354682,1.97604,-0.00576893,-0.0077852,-0.00171061,4.68024,0.0002,-1.15622e-12,-8.52296e-10,-1.15622e-12,0.0002,2.11974e-09,-8.52296e-10,2.11974e-09,0.0002
-0.114056,-0.354869,1.9788,-0.113571,-0.354689,1.97607,-0.00572078,-0.00766683,-0.00220527,4.68537,0.0002,-7.39056e-13,-5.4547e-10,-7.39056e-13,0.0002,1.35663e-09,-5.4547e-10,1.35663e-09,0.0002
-0.113963,-0.354832,1.97826,-0.113591,-0.354684,1.97607,-0.00562771,-0.00762999,-0.00275228,4.67511,0.0002,-4.72617e-13,-3.49101e-10,-4.72617e-13,0.0002,8.68244e-10,-3.49101e-10,8.68244e-10,0.0002
-0.113897,-0.354661,1.97863,-0.113635,-0.353976,1.98011,-0.00556218,-0.00745875,-0.00238203,3.80969,0.0002,-3.0232e-13,-2.23424e-10,-3.0232e-13,0.0002,5.55676e-10,-2.23424e-10,5.55676e-10,0.0002
-0.113846,-0.354514,1.97892,-0.113638,-0.353929,1.98011,-0.00551032,-0.00731245,-0.00208572,3.81649,0.0002,-1.93421e-13,-1.42992e-10,-1.93421e-13,0.0002,3.55633e-10,-1.42992e-10,3.55633e-10,0.0002
-0.113804,-0.354395,1.97916,-0.11364,-0.353917,1.98011,-0.00531443,-0.00721396,-0.0010481,3.81649,0.0002,-1.23763e-13,-9.15146e-11,-1.23763e-13,0.0002,2.27605e-10,-9.15146e-11,2.27605e-10,0.0002
-0.113772,-0.354318,1.97935,-0.113644,-0.354011,1.98009,-0.0052823,-0.00713719,-0.000863121,3.81134,0.0002,-7.91979e-14,-5.85694e-11,-7.91979e-14,0.0002,1.45667e-10,-5.85694e-11,1.45667e-10,0.0002
-0.113745,-0.354238,1.9795,-0.113636,-0.353915,1.98012,-0.00567323,-0.00732197,0.000360842,3.81649,0.0002,-5.06823e-14,-3.74844e-11,-5.06823e-14,0.0002,9.32269e-11,-3.74844e-11,9.32269e-11,0.0002
-0.113726,-0.354179,1.97963,-0.11365,-0.353946,1.98017,-0.00565429,-0.00726374,0.000495113,3.80743,0.0002,-3.24349e-14,-2.399e-11,-3.24349e-14,0.0002,5.96652e-11,-2.399e-11,5.96652e-11,0.0002
-0.113677,-0.354102,1.97992,-0.113482,-0.353792,1.98105,-0.00560556,-0.00718627,0.000777945,3.67446,0.0002,-2.07576e-14,-1.53536e-11,-2.07576e-14,0.0002,3.81858e-11,-1.53536e-11,3.81858e-11,0.0002
-0.11364,-0.354042,1.98015,-0.11349,-0.353802,1.98107,-0.00556806,-0.00712624,0.0010077,3.66502,0.0002,-1.32846e-14,-9.82631e-12,-1.32846e-14,0.0002,2.44389e-11,-9.82631e-12,2.44389e-11,0.0002
-0.113611,-0.353992,1.98033,-0.113497,-0.353795,1.98105,-0.00553944,-0.0070768,0.00118753,3.66505,0.0002,-8.50199e-15,-6.28884e-12,-8.50199e-15,0.0002,1.56409e-11,-6.28884e-12,1.56409e-11,0.0002
-0.113587,-0.353953,1.98048,-0.113491,-0.353796,1.98107,-0.00550278,-0.00715338,0.00442675,3.6702,0.0002,-5.44123e-15,-4.02486e-12,-5.44123e-15,0.0002,1.00102e-11,-4.02486e-12,1.00102e-11,0.0002
-0.113567,-0.353922,1.98059,-0.113486,-0.353797,1.98106,-0.00548252,-0.00712213,0.00454406,3.67446,0.0002,-3.48236e-15,-2.57591e-12,-3.48236e-15,0.0002,6.40651e-12,-2.57591e-12,6.40651e-12,0.0002
-0.113529,-0.353924,1.97862,-0.113378,-0.353931,1.97074,-0.0054448,-0.00712401,0.00257407,3.82896,0.0002,-2.2287e-15,-1.64858e-12,-2.2287e-15,0.0002,4.10016e-12,-1.64858e-12,4.10016e-12,0.0002
-0.113502,-0.353925,1.97705,-0.113393,-0.353931,1.97077,-0.00541751,-0.00712537,0.00100242,3.80861,0.0002,-1.42637e-15,-1.05509e-12,-1.42637e-15,0.0002,2.62411e-12,-1.05509e-12,2.62411e-12,0.0002
-0.113478,-0.353926,1.97579,-0.113381,-0.35393,1.97076,-0.00539322,-0.00712631,-0.000256733,3.81859,0.0002,-9.12874e-16,-6.75259e-13,-9.12874e-16,0.0002,1.67943e-12,-6.75259e-13,1.67943e-12,0.0002
-0.113459,-0.353929,1.97479,-0.113383,-0.353941,1.97076,-0.0053743,-0.00712924,-0.00126342,3.81341,0.0002,-5.84239e-16,-4.32166e-13,-5.84239e-16,0.0002,1.07483e-12,-4.32166e-13,1.07483e-12,0.0002
-0.113446,-0.353931,1.97398,-0.113393,-0.353938,1.97075,-0.00536115,-0.007131,-0.00207097,3.80861,0.0002,-3.73912e-16,-2.76586e-13,-3.73912e-16,0.0002,6.87893e-13,-2.76586e-13,6.87893e-13,0.0002
-0.113435,-0.353932,1.97333,-0.113392,-0.353937,1.97075,-0.00511648,-0.00674013,-0.00744612,3.80861,0.0002,-2.39304e-16,-1.77015e-13,-2.39304e-16,0.0002,4.40252e-13,-1.77015e-13,4.40252e-13,0.0002
-0.112635,-0.353313,1.97008,-0.109433,-0.350835,1.95706,-0.00431613,-0.00612078,-0.0107011,4.40196,0.0002,-1.53154e-16,-1.1329e-13,-1.53154e-16,0.0002,2.81761e-13,-1.1329e-13,2.81761e-13,0.0002
-0.111991,-0.352823,1.96746,-0.109418,-0.350866,1.957,-0.00367279,-0.00563142,-0.0133172,4.37656,0.0002,-9.80188e-17,-7.25054e-14,-9.80188e-17,0.0002,1.80327e-13,-7.25054e-14,1.80327e-13,0.0002
-0.111477,-0.352433,1.96537,-0.10942,-0.350871,1.95701,-0.00315853,-0.00524099,-0.0154078,4.38169,0.0002,-6.2732e-17,-4.64034e-14,-6.2732e-17,0.0002,1.15409e-13,-4.64034e-14,1.15409e-13,0.0002
-0.111067,-0.35212,1.9637,-0.109426,-0.35087,1.95701,-0.00274824,-0.0049284,-0.0170794,4.38169,0.0002,-4.01485e-17,-2.96982e-14,-4.01485e-17,0.0002,7.3862e-14,-2.96982e-14,7.3862e-14,0.0002
-0.110737,-0.351868,1.96236,-0.10942,-0.350857,1.957,-0.00241895,-0.00467584,-0.0184193,4.37656,0.0002,-2.5695e-17,-1.90068e-14,-2.5695e-17,0.0002,4.72717e-14,-1.90068e-14,4.72717e-14,0.0002
-0.110478,-0.351661,1.9613,-0.109442,-0.350834,1.95707,-0.00215993,-0.00446906,-0.0194783,4.3917,0.0002,-1.64448e-17,-1.21644e-14,-1.64448e-17,0.0002,3.02539e-14,-1.21644e-14,3.02539e-14,0.0002
-0.110908,-0.352042,1.96456,-0.112628,-0.353564,1.97761,-0.00260458,-0.00498447,-0.0149759,5.31274,0.0002,-1.05247e-17,-7.7852e-15,-1.05247e-17,0.0002,1.93625e-14,-7.7852e-15,1.93625e-14,0.0002
-0.111256,-0.352344,1.96718,-0.112645,-0.353553,1.97766,-0.0029519,-0.00528684,-0.0123569,5.32755,0.0002,-6.7358e-18,-4.98253e-15,-6.7358e-18,0.0002,1.2392e-14,-4.98253e-15,1.2392e-14,0.0002
-0.11153,-0.35259,1.96927,-0.112629,-0.353576,1.97761,-0.00322655,-0.00553336,-0.0102721,5.31753,0.0002,-4.31091e-18,-3.18882e-15,-4.31091e-18,0.0002,7.93087e-15,-3.18882e-15,7.93087e-15,0.0002
-0.111753,-0.352786,1.97094,-0.112642,-0.353567,1.97764,-0.00344895,-0.00572865,-0.00859742,5.32755,0.0002,-2.75898e-18,-2.04084e-15,-2.75898e-18,0.0002,5.07576e-15,-2.04084e-15,5.07576e-15,0.0002
-0.111928,-0.352943,1.97227,-0.112629,-0.353573,1.9776,-0.00362419,-0.00588617,-0.00726551,5.31753,0.0002,-1.76575e-18,-1.30614e-15,-1.76575e-18,0.0002,3.24848e-15,-1.30614e-15,3.24848e-15,0.0002
-0.11229,-0.353246,1.97285,-0.11374,-0.354459,1.97513,-0.00398669,-0.00618922,-0.00669382,5.32424,0.0002,-1.13008e-18,-8.3593e-16,-1.13008e-18,0.0002,2.07903e-15,-8.3593e-16,2.07903e-15,0.0002
-0.112581,-0.353487,1.97331,-0.113742,-0.354452,1.97515,-0.00427704,-0.00643031,-0.00623271,5.32424,0.0002,-7.23251e-19,-5.34995e-16,-7.23251e-19,0.0002,1.33058e-15,-5.34995e-16,1.33058e-15,0.0002
-0.112808,-0.353697,1.97367,-0.113719,-0.354537,1.97511,-0.00434975,-0.00657501,-0.00612126,5.32856,0.0002,-4.62881e-19,-3.42397e-16,-4.62881e-19,0.0002,8.51571e-16,-3.42397e-16,8.51571e-16,0.0002
-0.112993,-0.353868,1.97396,-0.113732,-0.35455,1.9751,-0.00475602,-0.00682443,-0.00630465,5.32361,0.0002,-2.96244e-19,-2.19134e-16,-2.96244e-19,0.0002,5.45005e-16,-2.19134e-16,5.45005e-16,0.0002
-0.11314,-0.354005,1.97418,-0.11373,-0.354555,1.9751,-0.00490338,-0.00696183,-0.00607647,5.32268,0.0002,-1.89596e-19,-1.40246e-16,-1.89596e-19,0.0002,3.48803e-16,-1.40246e-16,3.48803e-16,0.0002
-0.113261,-0.354096,1.97438,-0.113743,-0.354457,1.97514,-0.00502397,-0.00705218,-0.00588459,5.32424,0.0002,-1.21341e-19,-8.97573e-17,-1.21341e-19,0.0002,2.23234e-16,-8.97573e-17,2.23234e-16,0.0002
-0.113385,-0.35409,1.97608,-0.113879,-0.354066,1.9829,-0.00514759,-0.0070463,-0.00417873,5.76253,0.0002,-7.76585e-20,-5.74447e-17,-7.76585e-20,0.0002,1.4287e-16,-5.74447e-17,1.4287e-16,0.0002
-0.113488,-0.35408,1.97745,-0.1139,-0.35404,1.98294,-0.00525058,-0.00703647,-0.00280693,5.74788,0.0002,-4.97014e-20,-3.67646e-17,-4.97014e-20,0.0002,9.14367e-17,-3.67646e-17,9.14367e-17,0.0002
-0.11357,-0.354069,1.97855,-0.113902,-0.354024,1.98296,-0.00533341,-0.00702524,-0.00170623,5.73783,0.0002,-3.18089e-20,-2.35293e-17,-3.18089e-20,0.0002,5.85195e-17,-2.35293e-17,5.85195e-17,0.0002
-0.113632,-0.354067,1.97942,-0.113876,-0.354059,1.98291,-0.00525028,-0.0068884,-0.0016358,5.76253,0.0002,-2.03577e-20,-1.50588e-17,-2.03577e-20,0.0002,3.74525e-17,-1.50588e-17,3.74525e-17,0.0002
-0.113682,-0.354065,1.98012,-0.113884,-0.354058,1.9829,-0.00530084,-0.00688672,-0.000940385,5.75754,0.0002,-1.30289e-20,-9.63762e-18,-1.30289e-20,0.0002,2.39696e-17,-9.63762e-18,2.39696e-17,0.0002
-0.113694,-0.354184,1.97966,-0.113743,-0.354661,1.9778,-0.00531311,-0.00700583,-0.00140409,4.5928,0.0002,-8.33852e-21,-6.16807e-18,-8.33852e-21,0.0002,1.53405e-17,-6.16807e-18,1.53405e-17,0.0002
-0.113702,-0.354278,1.97928,-0.113733,-0.354655,1.9778,-0.00532076,-0.00710009,-0.00177603,4.6031,0.0002,-5.33665e-21,-3.94757e-18,-5.33665e-21,0.0002,9.81794e-18,-3.94757e-18,9.81794e-18,0.0002
-0.11371,-0.354354,1.97899,-0.113741,-0.354657,1.97779,-0.00532858,-0.00717587,-0.00207458,4.5928,0.0002,-3.41546e-21,-2.52644e-18,-3.41546e-21,0.0002,6.28348e-18,-2.52644e-18,6.28348e-18,0.0002
-0.113715,-0.354415,1.97875,-0.113734,-0.354659,1.9778,-0.00533335,-0.00723689,-0.00231202,4.59795,0.0002,-2.18589e-21,-1.61692e-18,-2.18589e-21,0.0002,4.02143e-18,-1.61692e-18,4.02143e-18,0.0002
-0.113718,-0.354464,1.97856,-0.113734,-0.354659,1.9778,-0.00533718,-0.00728571,-0.00250118,4.59795,0.0002,-1.39897e-21,-1.03483e-18,-1.39897e-21,0.0002,2.57371e-18,-1.03483e-18,2.57371e-18,0.0002
-0.113722,-0.354505,1.9784,-0.113736,-0.354667,1.97779,-0.00537805,-0.00732304,-0.00267491,4.59795,0.0002,-8.95341e-22,-6.62292e-19,-8.95341e-22,0.0002,1.64718e-18,-6.62292e-19,1.64718e-18,0.0002
-0.113674,-0.354442,1.97789,-0.113483,-0.354194,1.97583,-0.00533031,-0.00726093,-0.0031897,5.1837,0.0002,-5.73019e-22,-4.23867e-19,-5.73019e-22,0.0002,1.05419e-18,-4.23867e-19,1.05419e-18,0.0002
-0.113638,-0.354392,1.97748,-0.113491,-0.354193,1.97585,-0.00529368,-0.00721096,-0.00359743,5.18809,0.0002,-3.66732e-22,-2.71275e-19,-3.66732e-22,0.0002,6.74684e-19,-2.71275e-19,6.74684e-19,0.0002
-0.113609,-0.354353,1.97716,-0.113494,-0.354196,1.97585,-0.00526493,-0.00717176,-0.0039238,5.18809,0.0002,-2.34708e-22,-1.73616e-19,-2.34708e-22,0.0002,4.31798e-19,-1.73616e-19,4.31798e-19,0.0002
-0.113583,-0.354321,1.97689,-0.113482,-0.354193,1.97583,-0.00523963,-0.00713974,-0.00418809,5.18809,0.0002,-1.50213e-22,-1.11114e-19,-1.50213e-22,0.0002,2.76351e-19,-1.11114e-19,2.76351e-19,0.0002
-0.113564,-0.354295,1.97668,-0.113489,-0.354191,1.97585,-0.00522064,-0.00711365,-0.00439642,5.18809,0.0002,-9.61366e-23,-7.11131e-20,-9.61366e-23,0.0002,1.76864e-19,-7.11131e-20,1.76864e-19,0.0002
-0.11315,-0.353649,1.97448,-0.11149,-0.351066,1.96565,-0.00480576,-0.00646788,-0.00660374,4.40016,0.0002,-6.15274e-23,-4.55124e-20,-6.15274e-23,0.0002,1.13193e-19,-4.55124e-20,1.13193e-19,0.0002
