EKF_x,EKF_y,EKF_theta,PM_x,PM_y,PM_theta,errorEKF_x,errorEKF_y,errorEKF_theta,errorPM,EKFCovXX,EKFCovXY,EKFCovXTheta,EKFCovYX,EKFCovYY,EKFCovYTheta,EKFCovThetaX,EKFCovThetaY,EKFCovThetaTheta,counter
0.448432,-0.336348,2.60963,0.448432,-0.336348,2.60963,-0.0145156,-0.0171079,-0.0300764,5.19414,0.000999999,0,0,0,0.000999999,0,0,0,0.000999999,31
0.448395,-0.336379,2.60956,0.448359,-0.336408,2.60949,-0.0145528,-0.0171389,-0.0301516,5.20353,0.000512195,0,0,0,0.000512195,0,0,0,0.000512195,31
0.448384,-0.336389,2.60952,0.448364,-0.336407,2.60946,-0.0145637,-0.017149,-0.030186,5.20729,0.000359875,0,0,0,0.000359875,0,0,0,0.000359875,31
0.448376,-0.336391,2.6095,0.448357,-0.336395,2.60946,-0.0149117,-0.0171312,-0.0262749,5.19226,0.000290717,0,0,0,0.000290717,0,0,0,0.000290717,31
0.448373,-0.336395,2.60949,0.448364,-0.336409,2.60945,-0.0149147,-0.0171358,-0.0262886,5.20729,0.000254131,0,0,0,0.000254131,0,0,0,0.000254131,31
0.448473,-0.336869,2.60657,0.448802,-0.338425,2.59697,-0.0149166,-0.0175847,-0.0275189,5.31896,0.000233206,0,0,0,0.000233206,0,0,0,0.000233206,34
0.448531,-0.337235,2.60438,0.448738,-0.338527,2.59666,-0.0148582,-0.0179507,-0.029706,5.31393,0.000220702,0,0,0,0.000220702,0,0,0,0.000220702,34
0.448539,-0.337558,2.60259,0.448569,-0.33875,2.59596,-0.0148419,-0.0182588,-0.0313513,5.30716,0.000213033,0,0,0,0.000213033,0,0,0,0.000213033,34
0.448526,-0.337834,2.60111,0.448476,-0.338886,2.59549,-0.0148551,-0.0185354,-0.0328298,5.30116,0.000208255,0,0,0,0.000208255,0,0,0,0.000208255,34
0.448432,-0.338054,2.59995,0.448069,-0.338905,2.59545,-0.0149787,-0.0187687,-0.0340322,5.30688,0.000205249,0,0,0,0.000205249,0,0,0,0.000205249,35
0.449006,-0.337883,2.60037,0.451254,-0.337215,2.60201,-0.0144049,-0.0185981,-0.0336133,5.1225,0.000203345,0,0,0,0.000203345,0,0,0,0.000203345,32
0.449465,-0.337729,2.60069,0.451274,-0.337119,2.60196,-0.0139465,-0.0184436,-0.0332917,5.10047,0.000202135,0,0,0,0.000202135,0,0,0,0.000202135,32
0.44983,-0.337623,2.60097,0.451279,-0.337202,2.60208,-0.0134151,-0.0183074,-0.0341105,5.14596,0.000201364,0,0,0,0.000201364,0,0,0,0.000201364,33
0.450122,-0.337538,2.6012,0.451287,-0.337202,2.60211,-0.0131225,-0.0182229,-0.0338819,5.14596,0.000200872,0,0,0,0.000200872,0,0,0,0.000200872,33
0.450357,-0.33747,2.60139,0.451292,-0.337196,2.60213,-0.0128879,-0.0181543,-0.0336945,5.14596,0.000200558,0,0,0,0.000200558,0,0,0,0.000200558,33
0.450486,-0.337408,2.60155,0.451002,-0.33716,2.60223,-0.0128777,-0.0181166,-0.0324653,5.14953,0.000200357,0,0,0,0.000200357,0,0,0,0.000200357,34
0.450206,-0.337187,2.60121,0.449089,-0.336306,2.59981,-0.0131576,-0.017896,-0.0328138,5.27572,0.000200228,0,0,0,0.000200228,0,0,0,0.000200228,36
0.449985,-0.336994,2.60091,0.4491,-0.336221,2.59974,-0.013438,-0.0177348,-0.0331071,5.25168,0.000200146,0,0,0,0.000200146,0,0,0,0.000200146,36
0.449803,-0.336858,2.60069,0.449075,-0.336316,2.59981,-0.01362,-0.0175992,-0.0333268,5.27572,0.000200093,0,0,0,0.000200093,0,0,0,0.000200093,36
0.449723,-0.336727,2.6005,0.449403,-0.336204,2.59971,-0.0136999,-0.0174683,-0.0335239,5.22965,0.00020006,0,0,0,0.00020006,0,0,0,0.00020006,35
0.449596,-0.336626,2.60034,0.449087,-0.33622,2.59971,-0.0138709,-0.0173927,-0.0337502,5.25168,0.000200038,0,0,0,0.000200038,0,0,0,0.000200038,36
0.449726,-0.337663,2.59924,0.45025,-0.341813,2.59484,-0.0137401,-0.0184303,-0.0348509,5.6254,0.000200025,0,0,0,0.000200025,0,0,0,0.000200025,30
0.449826,-0.338487,2.59834,0.450225,-0.341781,2.59474,-0.0136404,-0.019254,-0.0357513,5.61083,0.000200016,0,0,0,0.000200016,0,0,0,0.000200016,30
0.449905,-0.339155,2.59763,0.450219,-0.341827,2.59479,-0.0135419,-0.0199105,-0.0364307,5.62483,0.00020001,0,0,0,0.00020001,0,0,0,0.00020001,30
0.449962,-0.339691,2.59706,0.450188,-0.341834,2.5948,-0.0134417,-0.020446,-0.0368873,5.62483,0.000200006,0,0,0,0.000200006,0,0,0,0.000200006,30
0.449939,-0.340119,2.59657,0.449848,-0.34183,2.59462,-0.0134645,-0.0208738,-0.0373753,5.62552,0.000200004,0,0,0,0.000200004,0,0,0,0.000200004,31
0.449986,-0.340457,2.5962,0.450176,-0.341812,2.5947,-0.0134171,-0.0212125,-0.0377493,5.61633,0.000200003,0,0,0,0.000200003,0,0,0,0.000200003,30
0.450351,-0.339645,2.59834,0.451809,-0.336394,2.60689,-0.0130664,-0.0203863,-0.0356506,5.22867,0.000200002,0,0,0,0.000200002,0,0,0,0.000200002,31
0.450645,-0.33899,2.60007,0.45182,-0.33637,2.60697,-0.0127724,-0.0197314,-0.0339243,5.24499,0.000200001,0,0,0,0.000200001,0,0,0,0.000200001,32
0.450884,-0.338463,2.60145,0.451841,-0.336356,2.60699,-0.0125171,-0.0191967,-0.0325292,5.25251,0.000200001,0,0,0,0.000200001,0,0,0,0.000200001,32
0.45108,-0.338043,2.60256,0.451862,-0.336364,2.60701,-0.0123216,-0.0187768,-0.0314174,5.25585,0.0002,0,0,0,0.0002,0,0,0,0.0002,32
0.451239,-0.337705,2.60346,0.451879,-0.336354,2.60705,-0.0121616,-0.018439,-0.0305201,5.23616,0.0002,0,0,0,0.0002,0,0,0,0.0002,31
0.450937,-0.337585,2.60207,0.449725,-0.337105,2.59651,-0.0123321,-0.0182999,-0.0330795,4.67544,0.0002,0,0,0,0.0002,0,0,0,0.0002,33
0.450691,-0.337488,2.60094,0.449709,-0.337097,2.59643,-0.0125776,-0.0182022,-0.034207,4.67144,0.0002,0,0,0,0.0002,0,0,0,0.0002,33
0.450491,-0.337413,2.60004,0.44969,-0.337117,2.59645,-0.0127777,-0.0181281,-0.0351063,4.66768,0.0002,0,0,0,0.0002,0,0,0,0.0002,33
0.450329,-0.337354,2.59932,0.449683,-0.337117,2.5964,-0.0129393,-0.0180688,-0.0358342,4.66768,0.0002,0,0,0,0.0002,0,0,0,0.0002,33
0.450195,-0.337308,2.59872,0.449656,-0.337124,2.59636,-0.0131721,-0.0180226,-0.0353354,4.68152,0.0002,0,0,0,0.0002,0,0,0,0.0002,34
0.450086,-0.337272,2.59825,0.44965,-0.337127,2.59634,-0.013281,-0.0179864,-0.035813,4.68152,0.0002,0,0,0,0.0002,0,0,0,0.0002,34
0.450441,-0.337064,2.60127,0.451864,-0.33623,2.61337,-0.0129253,-0.0177781,-0.0327891,4.87148,0.0002,0,0,0,0.0002,0,0,0,0.0002,33
0.45073,-0.336897,2.60369,0.451885,-0.33623,2.61337,-0.0126222,-0.0175983,-0.0302402,4.86769,0.0002,0,0,0,0.0002,0,0,0,0.0002,33
0.450965,-0.336765,2.60563,0.451905,-0.336238,2.6134,-0.0123872,-0.0174664,-0.0282985,4.86769,0.0002,0,0,0,0.0002,0,0,0,0.0002,33
0.451155,-0.33666,2.60719,0.451913,-0.33624,2.61342,-0.0121975,-0.0173615,-0.0267408,4.87148,0.0002,0,0,0,0.0002,0,0,0,0.0002,33
0.451312,-0.336572,2.60844,0.451943,-0.336218,2.61343,-0.0119933,-0.0172778,-0.0258521,4.86646,0.0002,0,0,0,0.0002,0,0,0,0.0002,33
0.45144,-0.336505,2.60944,0.451948,-0.336236,2.61347,-0.0118661,-0.0172108,-0.024846,4.87526,0.0002,0,0,0,0.0002,0,0,0,0.0002,33
0.451079,-0.337567,2.60379,0.449639,-0.341819,2.58118,-0.0122263,-0.0182736,-0.0304988,5.16763,0.0002,0,0,0,0.0002,0,0,0,0.0002,34
0.45076,-0.33845,2.59917,0.449484,-0.341982,2.5807,-0.0121931,-0.0191596,-0.0388167,5.15141,0.0002,0,0,0,0.0002,0,0,0,0.0002,33
0.450459,-0.339172,2.59538,0.449253,-0.342058,2.58023,-0.0124945,-0.019881,-0.0426054,5.14242,0.0002,0,0,0,0.0002,0,0,0,0.0002,32
0.450198,-0.339765,2.59228,0.449153,-0.342137,2.57988,-0.012996,-0.0204573,-0.0428154,5.18212,0.0002,0,0,0,0.0002,0,0,0,0.0002,34
0.44998,-0.34026,2.58976,0.449107,-0.342238,2.57965,-0.0132142,-0.020952,-0.0453423,5.16492,0.0002,0,0,0,0.0002,0,0,0,0.0002,33
0.450034,-0.340445,2.58855,0.450253,-0.341188,2.5837,-0.0131595,-0.0211377,-0.0465528,5.35775,0.0002,0,0,0,0.0002,0,0,0,0.0002,33
0.450055,-0.340599,2.58757,0.450138,-0.341214,2.58366,-0.0127871,-0.0213157,-0.0517593,5.3749,0.0002,0,0,0,0.0002,0,0,0,0.0002,34
0.450087,-0.340726,2.58677,0.450216,-0.341232,2.58356,-0.012755,-0.0214423,-0.0525623,5.35348,0.0002,0,0,0,0.0002,0,0,0,0.0002,33
0.450106,-0.340831,2.58611,0.450182,-0.341251,2.5835,-0.0127921,-0.0215253,-0.0523263,5.35747,0.0002,0,0,0,0.0002,0,0,0,0.0002,33
0.450117,-0.340919,2.58557,0.450161,-0.341271,2.58342,-0.0127812,-0.0216134,-0.0528649,5.3749,0.0002,0,0,0,0.0002,0,0,0,0.0002,33
0.450122,-0.340993,2.58514,0.450141,-0.341288,2.58338,-0.0126654,-0.0216721,-0.0544142,5.3789,0.0002,0,0,0,0.0002,0,0,0,0.0002,33
0.449821,-0.339732,2.58797,0.448615,-0.334691,2.59932,-0.0129667,-0.0204118,-0.0515771,4.89367,0.0002,0,0,0,0.0002,0,0,0,0.0002,35
0.449586,-0.338725,2.59026,0.44865,-0.334693,2.59941,-0.0132009,-0.019404,-0.04929,4.89367,0.0002,0,0,0,0.0002,0,0,0,0.0002,35
0.449406,-0.33792,2.5921,0.448682,-0.334704,2.59945,-0.0136977,-0.0185495,-0.043362,4.89822,0.0002,0,0,0,0.0002,0,0,0,0.0002,35
0.449267,-0.337273,2.59358,0.448711,-0.334684,2.5995,-0.0138366,-0.0179023,-0.0418818,4.89433,0.0002,0,0,0,0.0002,0,0,0,0.0002,35
0.44916,-0.336757,2.59477,0.448733,-0.33469,2.59952,-0.0139432,-0.0173857,-0.0406938,4.89457,0.0002,0,0,0,0.0002,0,0,0,0.0002,35
0.449342,-0.336828,2.59464,0.450069,-0.337115,2.59415,-0.0137614,-0.0174574,-0.0408173,5.4671,0.0002,0,0,0,0.0002,0,0,0,0.0002,31
0.449485,-0.336882,2.59455,0.450056,-0.337097,2.59417,-0.0136186,-0.0175112,-0.0409115,5.46695,0.0002,0,0,0,0.0002,0,0,0,0.0002,31
0.449599,-0.336926,2.59447,0.450056,-0.3371,2.59418,-0.0136199,-0.0175602,-0.0397848,5.4671,0.0002,0,0,0,0.0002,0,0,0,0.0002,31
0.44969,-0.336961,2.59442,0.450057,-0.337104,2.59418,-0.0135284,-0.0175959,-0.0398443,5.4708,0.0002,0,0,0,0.0002,0,0,0,0.0002,31
0.449765,-0.33699,2.59436,0.450066,-0.337107,2.59416,-0.0134533,-0.017625,-0.0398948,5.45367,0.0002,0,0,0,0.0002,0,0,0,0.0002,30
0.449825,-0.337009,2.59432,0.450061,-0.337086,2.59415,-0.0128889,-0.0175739,-0.0445486,5.45556,0.0002,0,0,0,0.0002,0,0,0,0.0002,31
0.449722,-0.337006,2.59423,0.449313,-0.336994,2.59386,-0.0129913,-0.0175708,-0.044641,5.42675,0.0002,0,0,0,0.0002,0,0,0,0.0002,34
0.449631,-0.337157,2.59354,0.449266,-0.337757,2.59077,-0.013464,-0.0176627,-0.0402735,5.39517,0.0002,0,0,0,0.0002,0,0,0,0.0002,33
0.449546,-0.337281,2.59297,0.449206,-0.337778,2.5907,-0.0135489,-0.0177871,-0.0408406,5.4151,0.0002,0,0,0,0.0002,0,0,0,0.0002,34
0.449474,-0.337376,2.5925,0.449187,-0.337757,2.59063,-0.0135303,-0.0178766,-0.0420482,5.40333,0.0002,0,0,0,0.0002,0,0,0,0.0002,34
0.449412,-0.337454,2.59211,0.449163,-0.337765,2.59057,-0.0135925,-0.0179543,-0.042435,5.40333,0.0002,0,0,0,0.0002,0,0,0,0.0002,34
0.449645,-0.337197,2.5964,0.450577,-0.336168,2.61356,-0.0133594,-0.0176972,-0.0381454,4.91043,0.0002,0,0,0,0.0002,0,0,0,0.0002,33
0.449854,-0.33699,2.59988,0.45069,-0.336165,2.6138,-0.0132423,-0.0174952,-0.0338155,4.92192,0.0002,0,0,0,0.0002,0,0,0,0.0002,33
0.450031,-0.336836,2.6027,0.450739,-0.336218,2.61396,-0.0130653,-0.0173408,-0.0309997,4.95257,0.0002,0,0,0,0.0002,0,0,0,0.0002,33
0.450179,-0.33669,2.60497,0.450771,-0.336107,2.61406,-0.0129172,-0.0171949,-0.0287282,4.89136,0.0002,0,0,0,0.0002,0,0,0,0.0002,33
0.450305,-0.336588,2.6068,0.45081,-0.336178,2.6141,-0.0127995,-0.0170849,-0.0265931,4.94874,0.0002,0,0,0,0.0002,0,0,0,0.0002,33
0.450405,-0.33649,2.60827,0.450806,-0.336097,2.61415,-0.0126994,-0.0169868,-0.0251231,4.89953,0.0002,0,0,0,0.0002,0,0,0,0.0002,33
0.450812,-0.336429,2.60963,0.45244,-0.336187,2.6151,-0.0123087,-0.0169361,-0.0236956,4.72241,0.0002,0,0,0,0.0002,0,0,0,0.0002,33
0.451139,-0.336381,2.61074,0.452444,-0.336189,2.61515,-0.0119823,-0.0168881,-0.0225918,4.71862,0.0002,0,0,0,0.0002,0,0,0,0.0002,33
0.451406,-0.336344,2.61164,0.452472,-0.336195,2.61523,-0.0117248,-0.0168505,-0.0216536,4.6869,0.0002,0,0,0,0.0002,0,0,0,0.0002,32
0.45162,-0.336315,2.61237,0.45248,-0.3362,2.61528,-0.0115099,-0.0168217,-0.0209239,4.6656,0.0002,0,0,0,0.0002,0,0,0,0.0002,32
0.451796,-0.336295,2.61296,0.452499,-0.336215,2.61531,-0.0113342,-0.0168018,-0.0203343,4.69066,0.0002,0,0,0,0.0002,0,0,0,0.0002,33
0.451133,-0.336316,2.61562,0.448482,-0.336398,2.6263,-0.0120028,-0.0168348,-0.0177049,4.88429,0.0002,0,0,0,0.0002,0,0,0,0.0002,28
0.450715,-0.336341,2.61801,0.449042,-0.33644,2.62753,-0.0124211,-0.0168597,-0.0153243,4.96832,0.0002,0,0,0,0.0002,0,0,0,0.0002,28
0.450389,-0.336323,2.61992,0.449084,-0.336253,2.62755,-0.0127474,-0.0168423,-0.0134147,4.86778,0.0002,0,0,0,0.0002,0,0,0,0.0002,28
0.45013,-0.336315,2.62144,0.449093,-0.336281,2.62756,-0.0130283,-0.0168432,-0.0119254,4.87144,0.0002,0,0,0,0.0002,0,0,0,0.0002,28
0.449924,-0.336303,2.62267,0.449102,-0.336254,2.62756,-0.0132338,-0.0168311,-0.0107013,4.86778,0.0002,0,0,0,0.0002,0,0,0,0.0002,28
0.449762,-0.336299,2.62365,0.449112,-0.336287,2.62757,-0.0134431,-0.0168503,-0.00977059,4.87877,0.0002,0,0,0,0.0002,0,0,0,0.0002,28
0.449941,-0.336294,2.62232,0.450658,-0.336272,2.61702,-0.0132638,-0.0168448,-0.0110972,5.17616,0.0002,0,0,0,0.0002,0,0,0,0.0002,31
0.450085,-0.336293,2.62126,0.450662,-0.336289,2.61701,-0.0131195,-0.0168439,-0.01216,5.18481,0.0002,0,0,0,0.0002,0,0,0,0.0002,31
0.4502,-0.336288,2.6204,0.45066,-0.336269,2.61698,-0.0130193,-0.0168533,-0.0130764,5.17616,0.0002,0,0,0,0.0002,0,0,0,0.0002,31
0.450289,-0.33629,2.61972,0.450645,-0.336296,2.617,-0.0129304,-0.0168548,-0.0137572,5.18481,0.0002,0,0,0,0.0002,0,0,0,0.0002,31
0.45036,-0.336283,2.61918,0.450644,-0.336256,2.617,-0.0129009,-0.0168738,-0.0143921,5.16118,0.0002,0,0,0,0.0002,0,0,0,0.0002,31
0.450415,-0.336285,2.61874,0.450633,-0.336292,2.617,-0.0128463,-0.0168756,-0.0148271,5.18856,0.0002,0,0,0,0.0002,0,0,0,0.0002,31
0.450155,-0.336385,2.6162,0.449116,-0.336787,2.60601,-0.013106,-0.016976,-0.0173741,5.37359,0.0002,0,0,0,0.0002,0,0,0,0.0002,32
0.449944,-0.336466,2.61415,0.4491,-0.336791,2.60596,-0.0133219,-0.0170667,-0.0194513,5.37359,0.0002,0,0,0,0.0002,0,0,0,0.0002,32
0.449773,-0.336533,2.6125,0.449088,-0.336797,2.60591,-0.0134931,-0.0171329,-0.0210987,5.37742,0.0002,0,0,0,0.0002,0,0,0,0.0002,32
0.449632,-0.336588,2.61118,0.449068,-0.336812,2.60588,-0.0136192,-0.0171917,-0.022423,5.37742,0.0002,0,0,0,0.0002,0,0,0,0.0002,32
0.449516,-0.336633,2.61011,0.449054,-0.336811,2.60582,-0.0137347,-0.0172362,-0.0234937,5.37359,0.0002,0,0,0,0.0002,0,0,0,0.0002,32
0.44942,-0.336668,2.60924,0.449037,-0.336808,2.60577,-0.0138305,-0.0172713,-0.0243605,5.36975,0.0002,0,0,0,0.0002,0,0,0,0.0002,32
0.449143,-0.336713,2.60874,0.448034,-0.336893,2.60672,-0.0141334,-0.0173252,-0.024934,5.3508,0.0002,0,0,0,0.0002,0,0,0,0.0002,32
0.448917,-0.336749,2.60833,0.448014,-0.336893,2.60669,-0.0143592,-0.0173612,-0.0253427,5.32675,0.0002,0,0,0,0.0002,0,0,0,0.0002,31
0.448656,-0.336777,2.60801,0.447609,-0.336886,2.60676,-0.0146067,-0.0173923,-0.025687,5.35374,0.0002,0,0,0,0.0002,0,0,0,0.0002,33
0.448528,-0.336805,2.60775,0.448016,-0.336919,2.60668,-0.0147346,-0.0174208,-0.0259536,5.32481,0.0002,0,0,0,0.0002,0,0,0,0.0002,31
0.448425,-0.336827,2.60753,0.448015,-0.336914,2.60669,-0.014842,-0.0174473,-0.0261849,5.32481,0.0002,0,0,0,0.0002,0,0,0,0.0002,31
0.449048,-0.337407,2.60144,0.451539,-0.339728,2.57708,-0.0142192,-0.0180275,-0.0322761,5.22151,0.0002,0,0,0,0.0002,0,0,0,0.0002,33
0.449471,-0.337947,2.5963,0.451163,-0.340109,2.57572,-0.0137962,-0.0185679,-0.0374216,5.24789,0.0002,0,0,0,0.0002,0,0,0,0.0002,33
0.449717,-0.338453,2.59189,0.450703,-0.340474,2.57426,-0.0135409,-0.0190652,-0.0418196,5.27485,0.0002,0,0,0,0.0002,0,0,0,0.0002,33
0.449832,-0.33892,2.58815,0.450288,-0.340791,2.5732,-0.0134268,-0.0195329,-0.0455572,5.3029,0.0002,0,0,0,0.0002,0,0,0,0.0002,33
0.449872,-0.339334,2.58504,0.450031,-0.340991,2.5726,-0.0133869,-0.019947,-0.0486671,5.30556,0.0002,0,0,0,0.0002,0,0,0,0.0002,33
0.449863,-0.339686,2.58248,0.44983,-0.341093,2.57221,-0.0133891,-0.0202954,-0.0512529,5.30431,0.0002,0,0,0,0.0002,0,0,0,0.0002,33
0.449734,-0.339008,2.58555,0.449215,-0.336294,2.59785,-0.0135187,-0.0196169,-0.0481793,4.95793,0.0002,0,0,0,0.0002,0,0,0,0.0002,34
0.449784,-0.338425,2.58819,0.449984,-0.336097,2.59875,-0.0134963,-0.0190547,-0.0456086,4.95281,0.0002,0,0,0,0.0002,0,0,0,0.0002,34
0.449836,-0.337962,2.59032,0.450044,-0.336111,2.59883,-0.0134443,-0.0185918,-0.0434817,4.9566,0.0002,0,0,0,0.0002,0,0,0,0.0002,34
0.449883,-0.337591,2.59203,0.450072,-0.336103,2.59887,-0.0133999,-0.0182207,-0.041782,4.94544,0.0002,0,0,0,0.0002,0,0,0,0.0002,33
0.449923,-0.337294,2.5934,0.450084,-0.336106,2.5989,-0.0133598,-0.0179238,-0.040407,4.94544,0.0002,0,0,0,0.0002,0,0,0,0.0002,33
0.450458,-0.337393,2.5974,0.452597,-0.33779,2.6134,-0.012825,-0.0180231,-0.0364075,4.79465,0.0002,0,0,0,0.0002,0,0,0,0.0002,28
0.450903,-0.337449,2.60068,0.452682,-0.337671,2.61378,-0.0123754,-0.0180663,-0.0330921,4.79866,0.0002,0,0,0,0.0002,0,0,0,0.0002,28
0.451272,-0.337477,2.60336,0.45275,-0.337592,2.61407,-0.0120059,-0.018095,-0.0304145,4.79138,0.0002,0,0,0,0.0002,0,0,0,0.0002,28
0.451576,-0.337487,2.60552,0.45279,-0.337525,2.61418,-0.0117023,-0.0181045,-0.0282503,4.78318,0.0002,0,0,0,0.0002,0,0,0,0.0002,28
0.451827,-0.337493,2.60728,0.452833,-0.337519,2.6143,-0.0114627,-0.0181206,-0.0265145,4.78951,0.0002,0,0,0,0.0002,0,0,0,0.0002,28
0.452037,-0.337492,2.6087,0.452873,-0.337486,2.6144,-0.0112535,-0.0181191,-0.0250895,4.78184,0.0002,0,0,0,0.0002,0,0,0,0.0002,28
0.451317,-0.33742,2.60637,0.448441,-0.337134,2.59706,-0.0119953,-0.018057,-0.0274582,5.38393,0.0002,0,0,0,0.0002,0,0,0,0.0002,35
0.45073,-0.337371,2.60448,0.44838,-0.337176,2.5969,-0.0125828,-0.0180081,-0.0293525,5.3686,0.0002,0,0,0,0.0002,0,0,0,0.0002,35
0.450255,-0.337337,2.60293,0.448357,-0.337197,2.59674,-0.0130575,-0.0179734,-0.0308991,5.40758,0.0002,0,0,0,0.0002,0,0,0,0.0002,36
0.449865,-0.337314,2.60168,0.448305,-0.337224,2.5967,-0.0134605,-0.0179685,-0.0321756,5.38686,0.0002,0,0,0,0.0002,0,0,0,0.0002,35
0.449506,-0.337293,2.60068,0.448069,-0.337211,2.59666,-0.0138198,-0.0179478,-0.0331799,5.42026,0.0002,0,0,0,0.0002,0,0,0,0.0002,37
0.449376,-0.337461,2.60008,0.448854,-0.338129,2.59768,-0.013983,-0.0181156,-0.0338092,5.05162,0.0002,0,0,0,0.0002,0,0,0,0.0002,34
0.449261,-0.3376,2.59959,0.448803,-0.338157,2.59762,-0.0140976,-0.0182548,-0.034302,5.05943,0.0002,0,0,0,0.0002,0,0,0,0.0002,34
0.449167,-0.337718,2.59918,0.448789,-0.33819,2.59755,-0.014192,-0.0183728,-0.0347096,5.05943,0.0002,0,0,0,0.0002,0,0,0,0.0002,34
0.449082,-0.337814,2.59885,0.448746,-0.338199,2.59755,-0.014294,-0.0184805,-0.0350655,5.05943,0.0002,0,0,0,0.0002,0,0,0,0.0002,34
0.449014,-0.337891,2.59858,0.448742,-0.3382,2.59749,-0.0143621,-0.0185578,-0.0353385,5.07115,0.0002,0,0,0,0.0002,0,0,0,0.0002,34
0.448958,-0.337955,2.59836,0.448735,-0.338208,2.59747,-0.014418,-0.0186212,-0.03556,5.06333,0.0002,0,0,0,0.0002,0,0,0,0.0002,34
0.448554,-0.338612,2.59677,0.446936,-0.341239,2.59042,-0.0148116,-0.0192714,-0.037128,4.99584,0.0002,0,0,0,0.0002,0,0,0,0.0002,31
0.448217,-0.339153,2.59545,0.446869,-0.341319,2.59017,-0.0151486,-0.0198129,-0.0384486,5.02456,0.0002,0,0,0,0.0002,0,0,0,0.0002,31
0.447864,-0.339589,2.5944,0.446452,-0.341333,2.59021,-0.0155038,-0.0202413,-0.0394664,4.98811,0.0002,0,0,0,0.0002,0,0,0,0.0002,31
0.447567,-0.339949,2.59352,0.44638,-0.341389,2.58999,-0.0158006,-0.0206012,-0.0403484,5.01158,0.0002,0,0,0,0.0002,0,0,0,0.0002,31
0.447323,-0.340248,2.59279,0.446347,-0.341442,2.58988,-0.0160447,-0.0208998,-0.0410774,5.01016,0.0002,0,0,0,0.0002,0,0,0,0.0002,31
0.44712,-0.340491,2.59218,0.44631,-0.341465,2.58975,-0.0162472,-0.0211401,-0.0416962,5.0062,0.0002,0,0,0,0.0002,0,0,0,0.0002,31
0.447714,-0.340782,2.59042,0.450086,-0.341944,2.58334,-0.0156541,-0.0214307,-0.0434645,5.39847,0.0002,0,0,0,0.0002,0,0,0,0.0002,33
0.448177,-0.341025,2.58897,0.450033,-0.342,2.58317,-0.0151901,-0.0216744,-0.0449129,5.39759,0.0002,0,0,0,0.0002,0,0,0,0.0002,33
0.448585,-0.341236,2.58775,0.450217,-0.34208,2.58288,-0.0147882,-0.0218891,-0.0461397,5.40647,0.0002,0,0,0,0.0002,0,0,0,0.0002,33
0.448903,-0.341412,2.58676,0.450174,-0.342117,2.58278,-0.0144815,-0.0220691,-0.0471437,5.40647,0.0002,0,0,0,0.0002,0,0,0,0.0002,33
0.449118,-0.341548,2.58597,0.44998,-0.342089,2.58283,-0.0142662,-0.0222046,-0.0479288,5.38405,0.0002,0,0,0,0.0002,0,0,0,0.0002,32
0.449368,-0.340504,2.59085,0.450364,-0.336327,2.61035,-0.0140267,-0.0211806,-0.043103,4.54848,0.0002,0,0,0,0.0002,0,0,0,0.0002,32
0.449612,-0.339657,2.59483,0.45059,-0.336273,2.61077,-0.0137822,-0.0203346,-0.0391193,4.5494,0.0002,0,0,0,0.0002,0,0,0,0.0002,32
0.449827,-0.338981,2.59804,0.450686,-0.336278,2.6109,-0.0135675,-0.0196586,-0.0359058,4.57059,0.0002,0,0,0,0.0002,0,0,0,0.0002,33
0.450011,-0.338436,2.60064,0.450747,-0.336254,2.61101,-0.0133983,-0.0191226,-0.033343,4.56307,0.0002,0,0,0,0.0002,0,0,0,0.0002,33
0.450164,-0.337999,2.60273,0.450778,-0.33625,2.61111,-0.0132449,-0.0186855,-0.0312485,4.56683,0.0002,0,0,0,0.0002,0,0,0,0.0002,33
0.450296,-0.337649,2.60442,0.450823,-0.336252,2.61116,-0.013106,-0.0183487,-0.0295923,4.54973,0.0002,0,0,0,0.0002,0,0,0,0.0002,32
0.450359,-0.338321,2.6026,0.450613,-0.341009,2.59535,-0.0130427,-0.0190206,-0.031406,5.64152,0.0002,0,0,0,0.0002,0,0,0,0.0002,36
0.450405,-0.338857,2.60113,0.450589,-0.341001,2.59525,-0.0129968,-0.0195565,-0.0328768,5.63774,0.0002,0,0,0,0.0002,0,0,0,0.0002,36
0.450437,-0.339289,2.59995,0.450565,-0.341015,2.59521,-0.0129618,-0.0199832,-0.0340522,5.63016,0.0002,0,0,0,0.0002,0,0,0,0.0002,36
0.45046,-0.339638,2.59898,0.45055,-0.341033,2.59512,-0.0129392,-0.020332,-0.0350172,5.62836,0.0002,0,0,0,0.0002,0,0,0,0.0002,36
0.450472,-0.339922,2.5982,0.450518,-0.34106,2.59507,-0.0129305,-0.0206155,-0.0357902,5.62457,0.0002,0,0,0,0.0002,0,0,0,0.0002,36
0.450366,-0.339189,2.59973,0.449945,-0.336256,2.60586,-0.0130358,-0.0198824,-0.0342571,5.15599,0.0002,0,0,0,0.0002,0,0,0,0.0002,34
0.450286,-0.338603,2.60096,0.449963,-0.33626,2.60588,-0.0131163,-0.0192966,-0.0330266,5.17523,0.0002,0,0,0,0.0002,0,0,0,0.0002,35
0.450222,-0.338128,2.60195,0.449968,-0.336225,2.60589,-0.0131709,-0.0188192,-0.0320311,5.16777,0.0002,0,0,0,0.0002,0,0,0,0.0002,35
0.450177,-0.337751,2.60275,0.449996,-0.336246,2.60594,-0.0132161,-0.0184429,-0.0312325,5.17896,0.0002,0,0,0,0.0002,0,0,0,0.0002,35
0.45014,-0.337453,2.60339,0.449994,-0.336257,2.60598,-0.0132193,-0.0181356,-0.0304852,5.18642,0.0002,0,0,0,0.0002,0,0,0,0.0002,35
0.450115,-0.337213,2.60392,0.450014,-0.336257,2.606,-0.0132445,-0.0178965,-0.0299633,5.18642,0.0002,0,0,0,0.0002,0,0,0,0.0002,35
0.450003,-0.337112,2.60242,0.449554,-0.336706,2.59645,-0.0133567,-0.0177951,-0.0314558,5.39613,0.0002,0,0,0,0.0002,0,0,0,0.0002,36
0.449911,-0.337037,2.60123,0.449545,-0.336739,2.59645,-0.0134425,-0.0177007,-0.0326312,5.40386,0.0002,0,0,0,0.0002,0,0,0,0.0002,36
0.449833,-0.33697,2.60025,0.449523,-0.336702,2.59636,-0.0135202,-0.0176336,-0.0336058,5.38069,0.0002,0,0,0,0.0002,0,0,0,0.0002,36
0.449767,-0.33692,2.59947,0.4495,-0.336721,2.59636,-0.013577,-0.0175837,-0.0343851,5.38841,0.0002,0,0,0,0.0002,0,0,0,0.0002,36
0.449708,-0.336883,2.59885,0.449475,-0.336732,2.59636,-0.0136354,-0.0175461,-0.0350083,5.39613,0.0002,0,0,0,0.0002,0,0,0,0.0002,36
0.44966,-0.336858,2.59835,0.449465,-0.336759,2.59636,-0.0136841,-0.0175213,-0.0355071,5.40386,0.0002,0,0,0,0.0002,0,0,0,0.0002,36
0.449404,-0.337138,2.59646,0.44838,-0.338261,2.5889,-0.01394,-0.0178018,-0.0373968,5.08365,0.0002,0,0,0,0.0002,0,0,0,0.0002,37
0.449187,-0.337367,2.59493,0.448322,-0.338281,2.58878,-0.0141564,-0.0180303,-0.0389327,5.07828,0.0002,0,0,0,0.0002,0,0,0,0.0002,37
0.449008,-0.337556,2.59367,0.448292,-0.338312,2.58865,-0.0143354,-0.0182192,-0.0401889,5.09181,0.0002,0,0,0,0.0002,0,0,0,0.0002,37
0.448861,-0.33771,2.59265,0.448271,-0.338328,2.58856,-0.0144917,-0.0183802,-0.0412411,5.08076,0.0002,0,0,0,0.0002,0,0,0,0.0002,37
0.44874,-0.337838,2.59181,0.448258,-0.338349,2.58846,-0.0146122,-0.0185079,-0.0420794,5.05311,0.0002,0,0,0,0.0002,0,0,0,0.0002,36
0.448887,-0.337639,2.5942,0.449476,-0.336844,2.60378,-0.0140943,-0.0183199,-0.0437552,5.34667,0.0002,0,0,0,0.0002,0,0,0,0.0002,33
0.449132,-0.337457,2.59621,0.45011,-0.336729,2.60423,-0.0138498,-0.0181378,-0.0417505,5.34092,0.0002,0,0,0,0.0002,0,0,0,0.0002,32
0.449355,-0.337298,2.59789,0.45025,-0.33666,2.6046,-0.0138734,-0.017969,-0.0372225,5.33062,0.0002,0,0,0,0.0002,0,0,0,0.0002,32
0.449343,-0.337095,2.59976,0.449294,-0.336283,2.60725,-0.0138857,-0.017766,-0.0353493,5.45108,0.0002,0,0,0,0.0002,0,0,0,0.0002,34
0.449445,-0.336928,2.60138,0.449854,-0.336259,2.60784,-0.0137835,-0.0175989,-0.0337343,5.46187,0.0002,0,0,0,0.0002,0,0,0,0.0002,33
0.449561,-0.336781,2.60279,0.450023,-0.336195,2.60845,-0.0137265,-0.0174288,-0.0311194,5.4715,0.0002,0,0,0,0.0002,0,0,0,0.0002,33
0.449488,-0.33679,2.60262,0.449196,-0.336827,2.60193,-0.0137995,-0.0174379,-0.0312921,5.26036,0.0002,0,0,0,0.0002,0,0,0,0.0002,33
0.449429,-0.336797,2.60248,0.449194,-0.336823,2.60192,-0.0138688,-0.0174372,-0.0313115,5.24044,0.0002,0,0,0,0.0002,0,0,0,0.0002,32
0.449381,-0.336808,2.60237,0.449188,-0.336854,2.60193,-0.013917,-0.0174486,-0.0314214,5.246,0.0002,0,0,0,0.0002,0,0,0,0.0002,32
0.449344,-0.336813,2.60227,0.449198,-0.33683,2.60188,-0.0139724,-0.0174717,-0.0315386,5.26416,0.0002,0,0,0,0.0002,0,0,0,0.0002,33
0.449313,-0.336821,2.6022,0.449186,-0.336856,2.60191,-0.0140041,-0.0174804,-0.0316109,5.26595,0.0002,0,0,0,0.0002,0,0,0,0.0002,33
0.449144,-0.336779,2.59896,0.448471,-0.336608,2.58601,-0.0141725,-0.0174378,-0.0348478,5.09884,0.0002,0,0,0,0.0002,0,0,0,0.0002,35
0.449007,-0.336738,2.59637,0.448459,-0.336576,2.58599,-0.0143096,-0.0173973,-0.0374424,5.0782,0.0002,0,0,0,0.0002,0,0,0,0.0002,35
0.448899,-0.336711,2.59429,0.448465,-0.336603,2.586,-0.0144131,-0.0173628,-0.0394866,5.09884,0.0002,0,0,0,0.0002,0,0,0,0.0002,35
0.448811,-0.336682,2.59263,0.448459,-0.336566,2.58597,-0.014501,-0.0173336,-0.0411504,5.0782,0.0002,0,0,0,0.0002,0,0,0,0.0002,35
0.448741,-0.336668,2.5913,0.44846,-0.336611,2.58598,-0.0145594,-0.0173088,-0.0424497,5.11868,0.0002,0,0,0,0.0002,0,0,0,0.0002,36
0.448682,-0.336657,2.59024,0.448448,-0.336615,2.58598,-0.0146179,-0.0172983,-0.0435132,5.11868,0.0002,0,0,0,0.0002,0,0,0,0.0002,36
0.449157,-0.336605,2.5937,0.451056,-0.336395,2.60754,-0.0141432,-0.0172458,-0.0400529,4.90508,0.0002,0,0,0,0.0002,0,0,0,0.0002,32
0.449565,-0.336552,2.59654,0.451199,-0.336341,2.60789,-0.0137567,-0.0172018,-0.0372345,4.898,0.0002,0,0,0,0.0002,0,0,0,0.0002,32
0.449832,-0.336505,2.59883,0.450899,-0.336315,2.60801,-0.0134899,-0.0171544,-0.0349388,4.91979,0.0002,0,0,0,0.0002,0,0,0,0.0002,33
0.45005,-0.336465,2.60069,0.450922,-0.336308,2.6081,-0.0132976,-0.0171361,-0.0331546,4.92351,0.0002,0,0,0,0.0002,0,0,0,0.0002,33
0.450228,-0.33643,2.60218,0.45094,-0.33629,2.60816,-0.0131195,-0.0171009,-0.0316601,4.91249,0.0002,0,0,0,0.0002,0,0,0,0.0002,33
0.450375,-0.336399,2.60337,0.450962,-0.336272,2.60815,-0.0129532,-0.0170485,-0.030376,4.90505,0.0002,0,0,0,0.0002,0,0,0,0.0002,33
0.450102,-0.336448,2.60282,0.44901,-0.336647,2.6006,-0.0132262,-0.0170982,-0.0309317,5.09339,0.0002,0,0,0,0.0002,0,0,0,0.0002,34
0.44988,-0.336496,2.60237,0.448993,-0.336689,2.60059,-0.0134479,-0.0171463,-0.0313771,5.11864,0.0002,0,0,0,0.0002,0,0,0,0.0002,34
0.449702,-0.336535,2.60202,0.448987,-0.33669,2.60059,-0.0136265,-0.0171851,-0.0317335,5.11864,0.0002,0,0,0,0.0002,0,0,0,0.0002,34
0.449561,-0.33656,2.60173,0.448998,-0.336658,2.60057,-0.0137671,-0.0172097,-0.0320234,5.09468,0.0002,0,0,0,0.0002,0,0,0,0.0002,34
0.449447,-0.336579,2.60149,0.44899,-0.336656,2.60056,-0.0138813,-0.0172289,-0.0322557,5.11305,0.0002,0,0,0,0.0002,0,0,0,0.0002,34
0.448966,-0.336643,2.6006,0.447044,-0.336902,2.59703,-0.0143618,-0.0172934,-0.0331495,5.28326,0.0002,0,0,0,0.0002,0,0,0,0.0002,34
0.448575,-0.336701,2.59982,0.447007,-0.336933,2.59672,-0.0147537,-0.0173514,-0.0339259,5.27159,0.0002,0,0,0,0.0002,0,0,0,0.0002,34
0.448317,-0.336776,2.59908,0.447286,-0.337074,2.5961,-0.0150232,-0.0174364,-0.0347012,5.29657,0.0002,0,0,0,0.0002,0,0,0,0.0002,34
0.448053,-0.336872,2.59829,0.447,-0.337256,2.59514,-0.0152866,-0.0175325,-0.0354898,5.28737,0.0002,0,0,0,0.0002,0,0,0,0.0002,34
0.447836,-0.336952,2.59765,0.446965,-0.337271,2.59511,-0.0154768,-0.0175869,-0.0360153,5.29127,0.0002,0,0,0,0.0002,0,0,0,0.0002,34
0.448388,-0.336884,2.59839,0.450598,-0.336611,2.60132,-0.0149243,-0.0175188,-0.0352814,4.90876,0.0002,0,0,0,0.0002,0,0,0,0.0002,34
0.448842,-0.336827,2.59898,0.450657,-0.3366,2.60135,-0.0144706,-0.0174621,-0.034689,4.90883,0.0002,0,0,0,0.0002,0,0,0,0.0002,34
0.449213,-0.33678,2.59947,0.450696,-0.336593,2.60141,-0.014097,-0.0174076,-0.034194,4.90545,0.0002,0,0,0,0.0002,0,0,0,0.0002,34
0.449513,-0.336742,2.59986,0.450713,-0.33659,2.60144,-0.0137969,-0.0173696,-0.0337994,4.90545,0.0002,0,0,0,0.0002,0,0,0,0.0002,34
0.449758,-0.336712,2.60018,0.450741,-0.33659,2.60148,-0.0135214,-0.017325,-0.0334156,4.91305,0.0002,0,0,0,0.0002,0,0,0,0.0002,34
0.449958,-0.336688,2.60044,0.450757,-0.336591,2.60147,-0.0133218,-0.0173009,-0.0331587,4.90925,0.0002,0,0,0,0.0002,0,0,0,0.0002,34
0.449916,-0.336556,2.60605,0.449745,-0.336029,2.6285,-0.0133644,-0.0171692,-0.0275462,4.84686,0.0002,0,0,0,0.0002,0,0,0,0.0002,28
0.449905,-0.336466,2.61061,0.449865,-0.336104,2.62885,-0.0133606,-0.0170683,-0.0229472,4.86066,0.0002,0,0,0,0.0002,0,0,0,0.0002,28
0.449907,-0.336391,2.6143,0.449915,-0.336094,2.62907,-0.0133588,-0.0169941,-0.019256,4.86326,0.0002,0,0,0,0.0002,0,0,0,0.0002,28
0.449918,-0.336326,2.61727,0.449963,-0.336066,2.62911,-0.0133329,-0.0169197,-0.0162539,4.85104,0.0002,0,0,0,0.0002,0,0,0,0.0002,28
0.44993,-0.336275,2.61963,0.449979,-0.336069,2.62911,-0.0133208,-0.0168681,-0.0138859,4.85467,0.0002,0,0,0,0.0002,0,0,0,0.0002,28
0.44994,-0.336234,2.62153,0.449977,-0.336073,2.62911,-0.0132878,-0.0168185,-0.0119412,4.85504,0.0002,0,0,0,0.0002,0,0,0,0.0002,28
0.449897,-0.336335,2.61651,0.449726,-0.336739,2.59645,-0.0133305,-0.0169194,-0.016956,5.39618,0.0002,0,0,0,0.0002,0,0,0,0.0002,36
0.449856,-0.336419,2.61249,0.449692,-0.336753,2.59637,-0.0133714,-0.0170029,-0.0209846,5.38852,0.0002,0,0,0,0.0002,0,0,0,0.0002,36
0.449816,-0.336491,2.60926,0.449656,-0.33678,2.59635,-0.0133947,-0.0170686,-0.0241826,5.39618,0.0002,0,0,0,0.0002,0,0,0,0.0002,36
0.449784,-0.336549,2.60667,0.449654,-0.336781,2.5963,-0.0134271,-0.0171266,-0.0267735,5.39618,0.0002,0,0,0,0.0002,0,0,0,0.0002,36
0.449754,-0.336597,2.60458,0.449635,-0.336787,2.59625,-0.0134835,-0.0171933,-0.0289173,5.39618,0.0002,0,0,0,0.0002,0,0,0,0.0002,36
0.449727,-0.336637,2.60291,0.449619,-0.336799,2.5962,-0.0135104,-0.0172337,-0.0305929,5.39618,0.0002,0,0,0,0.0002,0,0,0,0.0002,36
0.449033,-0.336837,2.60163,0.446257,-0.337636,2.59654,-0.0142044,-0.0174334,-0.0318654,5.48977,0.0002,0,0,0,0.0002,0,0,0,0.0002,35
0.448466,-0.336999,2.60059,0.446196,-0.33765,2.59642,-0.0147501,-0.0175829,-0.0328476,5.48977,0.0002,0,0,0,0.0002,0,0,0,0.0002,35
0.447998,-0.337134,2.59975,0.446129,-0.33767,2.59637,-0.0152174,-0.0177171,-0.0336919,5.4895,0.0002,0,0,0,0.0002,0,0,0,0.0002,35
0.447617,-0.337242,2.59906,0.446091,-0.337674,2.5963,-0.0155989,-0.0178252,-0.0343805,5.49168,0.0002,0,0,0,0.0002,0,0,0,0.0002,35
0.447303,-0.337328,2.59851,0.446049,-0.337675,2.59631,-0.015946,-0.0179307,-0.0350105,5.49168,0.0002,0,0,0,0.0002,0,0,0,0.0002,35
0.448238,-0.337088,2.60139,0.451978,-0.336127,2.61291,-0.0150111,-0.0176904,-0.0321307,4.68059,0.0002,0,0,0,0.0002,0,0,0,0.0002,33
0.448993,-0.336894,2.60371,0.452012,-0.336117,2.613,-0.0142447,-0.0174811,-0.0297386,4.68435,0.0002,0,0,0,0.0002,0,0,0,0.0002,33
0.449599,-0.336735,2.60557,0.452025,-0.336101,2.61299,-0.0136383,-0.0173226,-0.0278821,4.68059,0.0002,0,0,0,0.0002,0,0,0,0.0002,33
0.45009,-0.336614,2.60706,0.452051,-0.336128,2.61304,-0.0131439,-0.0172003,-0.026377,4.69562,0.0002,0,0,0,0.0002,0,0,0,0.0002,33
0.450485,-0.33651,2.60826,0.452066,-0.336097,2.61307,-0.0127486,-0.0170969,-0.0251751,4.6668,0.0002,0,0,0,0.0002,0,0,0,0.0002,32
0.450806,-0.336433,2.60923,0.452088,-0.336124,2.61308,-0.0124281,-0.0170197,-0.0242113,4.67804,0.0002,0,0,0,0.0002,0,0,0,0.0002,32
0.450883,-0.336432,2.60945,0.451191,-0.33643,2.61034,-0.0123243,-0.0170017,-0.0239392,5.29704,0.0002,0,0,0,0.0002,0,0,0,0.0002,33
0.450946,-0.336435,2.60963,0.451201,-0.336443,2.61036,-0.0122606,-0.0170038,-0.0237576,5.31179,0.0002,0,0,0,0.0002,0,0,0,0.0002,33
0.450998,-0.336436,2.60978,0.451204,-0.336443,2.61037,-0.0118343,-0.0170134,-0.0276596,5.31179,0.0002,0,0,0,0.0002,0,0,0,0.0002,33
0.451037,-0.336437,2.6099,0.451192,-0.336442,2.61038,-0.0117954,-0.0170146,-0.0275401,5.30442,0.0002,0,0,0,0.0002,0,0,0,0.0002,33
0.451071,-0.336434,2.60999,0.451207,-0.336422,2.61036,-0.0117613,-0.0170115,-0.0274486,5.29704,0.0002,0,0,0,0.0002,0,0,0,0.0002,33
0.45111,-0.336443,2.60927,0.451266,-0.336478,2.6064,-0.0116106,-0.0170257,-0.0293774,4.95179,0.0002,0,0,0,0.0002,0,0,0,0.0002,33
0.451062,-0.33645,2.60867,0.45087,-0.336479,2.60627,-0.0116587,-0.0170328,-0.029978,4.95015,0.0002,0,0,0,0.0002,0,0,0,0.0002,34
0.45102,-0.336458,2.60819,0.450854,-0.336492,2.60628,-0.011656,-0.0170362,-0.0309255,4.95396,0.0002,0,0,0,0.0002,0,0,0,0.0002,34
0.451065,-0.336465,2.60782,0.451244,-0.33649,2.60632,-0.0116112,-0.0170426,-0.0313004,4.94041,0.0002,0,0,0,0.0002,0,0,0,0.0002,32
0.451102,-0.336469,2.60752,0.45125,-0.336488,2.6063,-0.0115743,-0.0170472,-0.0316041,4.94041,0.0002,0,0,0,0.0002,0,0,0,0.0002,32
0.451129,-0.336474,2.60728,0.451235,-0.336492,2.60632,-0.0119853,-0.0170241,-0.0265324,4.95159,0.0002,0,0,0,0.0002,0,0,0,0.0002,33
0.451408,-0.337247,2.60703,0.452524,-0.34034,2.60606,-0.0117062,-0.0177973,-0.0267753,5.39211,0.0002,0,0,0,0.0002,0,0,0,0.0002,28
0.451631,-0.337862,2.60683,0.452523,-0.340322,2.60603,-0.0114832,-0.0184122,-0.0269752,5.38457,0.0002,0,0,0,0.0002,0,0,0,0.0002,28
0.451807,-0.338355,2.60667,0.452511,-0.340327,2.60603,-0.0113071,-0.0189051,-0.0271363,5.38457,0.0002,0,0,0,0.0002,0,0,0,0.0002,28
0.451947,-0.338751,2.60654,0.452506,-0.340333,2.60602,-0.0111985,-0.0192958,-0.0267777,5.38834,0.0002,0,0,0,0.0002,0,0,0,0.0002,28
0.452055,-0.339068,2.60644,0.452487,-0.340339,2.60601,-0.0110828,-0.0196047,-0.0268048,5.38834,0.0002,0,0,0,0.0002,0,0,0,0.0002,28
0.45214,-0.339321,2.60635,0.45248,-0.340332,2.60599,-0.0109978,-0.0198574,-0.0268943,5.38457,0.0002,0,0,0,0.0002,0,0,0,0.0002,28
0.451125,-0.339213,2.60295,0.447065,-0.338783,2.58939,-0.0120128,-0.0197498,-0.0302859,4.96398,0.0002,0,0,0,0.0002,0,0,0,0.0002,33
0.450326,-0.339235,2.59987,0.447131,-0.339324,2.58754,-0.0128206,-0.0197757,-0.0333795,4.96639,0.0002,0,0,0,0.0002,0,0,0,0.0002,33
0.449633,-0.339335,2.59715,0.446859,-0.339732,2.58625,-0.0135139,-0.0198751,-0.0361043,4.97179,0.0002,0,0,0,0.0002,0,0,0,0.0002,33
0.449033,-0.339472,2.59478,0.446636,-0.34002,2.58534,-0.0141152,-0.020014,-0.0384659,4.96189,0.0002,0,0,0,0.0002,0,0,0,0.0002,33
0.448513,-0.339634,2.59272,0.44643,-0.340284,2.58447,-0.0146358,-0.0201765,-0.0405282,4.96587,0.0002,0,0,0,0.0002,0,0,0,0.0002,33
0.448805,-0.339197,2.59409,0.449973,-0.33745,2.59957,-0.0143546,-0.0197505,-0.0391782,5.2942,0.0002,0,0,0,0.0002,0,0,0,0.0002,33
0.44905,-0.338843,2.59521,0.450028,-0.337424,2.5997,-0.0141098,-0.0193958,-0.038057,5.29036,0.0002,0,0,0,0.0002,0,0,0,0.0002,33
0.449257,-0.338553,2.59613,0.450086,-0.337392,2.5998,-0.0139026,-0.0191057,-0.0371404,5.29356,0.0002,0,0,0,0.0002,0,0,0,0.0002,33
0.449431,-0.338314,2.59688,0.450129,-0.337362,2.59988,-0.0137618,-0.0188935,-0.0364602,5.274,0.0002,0,0,0,0.0002,0,0,0,0.0002,32
0.44958,-0.338118,2.59751,0.450172,-0.337331,2.60002,-0.0136135,-0.0186967,-0.0358316,5.25015,0.0002,0,0,0,0.0002,0,0,0,0.0002,32
0.449702,-0.337956,2.59803,0.450192,-0.337311,2.60012,-0.0134891,-0.0185394,-0.0353083,5.24698,0.0002,0,0,0,0.0002,0,0,0,0.0002,32
0.449914,-0.337628,2.60033,0.450762,-0.336312,2.60953,-0.0132771,-0.0182105,-0.0330084,5.15648,0.0002,0,0,0,0.0002,0,0,0,0.0002,32
0.450096,-0.337359,2.60221,0.450826,-0.336287,2.60971,-0.0130948,-0.0179423,-0.0311328,5.16606,0.0002,0,0,0,0.0002,0,0,0,0.0002,33
0.450249,-0.337141,2.60372,0.45086,-0.336269,2.60978,-0.012943,-0.0177271,-0.0296287,5.16606,0.0002,0,0,0,0.0002,0,0,0,0.0002,33
0.450377,-0.336963,2.60494,0.450891,-0.336249,2.60984,-0.0128147,-0.0175486,-0.0284049,5.16606,0.0002,0,0,0,0.0002,0,0,0,0.0002,33
0.450483,-0.336819,2.60593,0.450905,-0.336242,2.60989,-0.0127093,-0.0174036,-0.0274054,5.16606,0.0002,0,0,0,0.0002,0,0,0,0.0002,33
0.450251,-0.336977,2.60484,0.449322,-0.337609,2.60046,-0.0129414,-0.0175617,-0.028501,5.50362,0.0002,0,0,0,0.0002,0,0,0,0.0002,33
0.450057,-0.337107,2.60394,0.449282,-0.337626,2.60036,-0.0131352,-0.0176917,-0.0293963,5.49959,0.0002,0,0,0,0.0002,0,0,0,0.0002,33
0.449898,-0.337214,2.6032,0.449264,-0.337642,2.60025,-0.0132771,-0.0177854,-0.0300853,5.4919,0.0002,0,0,0,0.0002,0,0,0,0.0002,33
0.44976,-0.337305,2.6026,0.449209,-0.33767,2.60017,-0.0134149,-0.0178766,-0.0306916,5.49575,0.0002,0,0,0,0.0002,0,0,0,0.0002,33
0.449645,-0.337375,2.6021,0.449183,-0.337656,2.60011,-0.0135403,-0.0179593,-0.031229,5.48805,0.0002,0,0,0,0.0002,0,0,0,0.0002,33
0.44955,-0.337433,2.60169,0.449168,-0.337665,2.60002,-0.0136356,-0.0180171,-0.0316442,5.48421,0.0002,0,0,0,0.0002,0,0,0,0.0002,33
0.450267,-0.337179,2.60445,0.453136,-0.336162,2.61551,-0.0129184,-0.0177629,-0.0288786,4.77954,0.0002,0,0,0,0.0002,0,0,0,0.0002,33
0.450844,-0.33697,2.60667,0.453154,-0.336135,2.61553,-0.0123409,-0.0175542,-0.0266624,4.77609,0.0002,0,0,0,0.0002,0,0,0,0.0002,33
0.451314,-0.336804,2.60845,0.453194,-0.336138,2.61557,-0.0118709,-0.0173877,-0.0248824,4.78364,0.0002,0,0,0,0.0002,0,0,0,0.0002,33
0.45169,-0.336675,2.60988,0.453192,-0.336161,2.61561,-0.0114953,-0.0172591,-0.0234501,4.78742,0.0002,0,0,0,0.0002,0,0,0,0.0002,33
0.451996,-0.336572,2.61102,0.45322,-0.33616,2.61559,-0.0111735,-0.0171381,-0.0222374,4.78742,0.0002,0,0,0,0.0002,0,0,0,0.0002,33
0.451338,-0.336369,2.60645,0.448705,-0.335557,2.58817,-0.0118318,-0.0169352,-0.0268085,5.21466,0.0002,0,0,0,0.0002,0,0,0,0.0002,36
0.450799,-0.336209,2.60278,0.448646,-0.335567,2.58809,-0.0123781,-0.0167777,-0.0304899,5.22652,0.0002,0,0,0,0.0002,0,0,0,0.0002,36
0.450367,-0.33608,2.59984,0.448637,-0.335565,2.58808,-0.0128105,-0.016649,-0.0334298,5.22652,0.0002,0,0,0,0.0002,0,0,0,0.0002,36
0.450016,-0.335983,2.59748,0.448611,-0.335597,2.58802,-0.0132114,-0.0165663,-0.0358644,5.21016,0.0002,0,0,0,0.0002,0,0,0,0.0002,35
0.44973,-0.335906,2.59557,0.448585,-0.335595,2.58797,-0.0134975,-0.0164886,-0.0377653,5.22284,0.0002,0,0,0,0.0002,0,0,0,0.0002,36
0.449496,-0.335826,2.59404,0.448564,-0.33551,2.58791,-0.0137307,-0.0164094,-0.0392973,5.19869,0.0002,0,0,0,0.0002,0,0,0,0.0002,36
0.449922,-0.336043,2.59632,0.451623,-0.336911,2.60542,-0.0133004,-0.0166245,-0.0370123,4.62863,0.0002,0,0,0,0.0002,0,0,0,0.0002,33
0.450271,-0.336216,2.59815,0.451669,-0.336906,2.60548,-0.0129511,-0.0167971,-0.0351791,4.61136,0.0002,0,0,0,0.0002,0,0,0,0.0002,32
0.450559,-0.336352,2.59964,0.451713,-0.336898,2.60557,-0.0126627,-0.0169336,-0.0336946,4.61509,0.0002,0,0,0,0.0002,0,0,0,0.0002,32
0.450799,-0.336454,2.60083,0.451759,-0.336858,2.60559,-0.0124119,-0.0170301,-0.0324828,4.61527,0.0002,0,0,0,0.0002,0,0,0,0.0002,32
0.450994,-0.336536,2.60179,0.451774,-0.336865,2.60563,-0.0122169,-0.0171123,-0.0315226,4.61527,0.0002,0,0,0,0.0002,0,0,0,0.0002,32
0.450467,-0.336547,2.60085,0.448358,-0.336589,2.59712,-0.0127333,-0.0171212,-0.032436,5.3337,0.0002,0,0,0,0.0002,0,0,0,0.0002,34
0.450041,-0.336553,2.6001,0.448335,-0.336578,2.59711,-0.0131597,-0.0171276,-0.0331857,5.3337,0.0002,0,0,0,0.0002,0,0,0,0.0002,34
0.449695,-0.336561,2.5995,0.448311,-0.336592,2.59707,-0.0135056,-0.0171354,-0.033792,5.35438,0.0002,0,0,0,0.0002,0,0,0,0.0002,35
0.449415,-0.33657,2.599,0.448294,-0.336607,2.59702,-0.0138195,-0.0171608,-0.0343369,5.3505,0.0002,0,0,0,0.0002,0,0,0,0.0002,35
0.449184,-0.336575,2.5986,0.44826,-0.336596,2.59701,-0.0140505,-0.0171661,-0.0347352,5.3505,0.0002,0,0,0,0.0002,0,0,0,0.0002,35
0.448996,-0.33658,2.59828,0.448247,-0.336601,2.59697,-0.0142686,-0.0171796,-0.035103,5.35575,0.0002,0,0,0,0.0002,0,0,0,0.0002,35
0.448995,-0.337248,2.59542,0.448989,-0.33992,2.58397,-0.01427,-0.0178476,-0.0379646,4.88778,0.0002,0,0,0,0.0002,0,0,0,0.0002,35
0.448964,-0.337846,2.59291,0.448842,-0.340239,2.58288,-0.0143007,-0.0184458,-0.0404711,4.89349,0.0002,0,0,0,0.0002,0,0,0,0.0002,34
0.448925,-0.338341,2.59083,0.448767,-0.340319,2.58254,-0.0143176,-0.0189134,-0.0424649,4.9085,0.0002,0,0,0,0.0002,0,0,0,0.0002,34
0.448879,-0.338751,2.58915,0.448695,-0.340392,2.58239,-0.0143634,-0.0193237,-0.0441538,4.89532,0.0002,0,0,0,0.0002,0,0,0,0.0002,34
0.448834,-0.339092,2.58777,0.448655,-0.340456,2.58226,-0.0143984,-0.0196601,-0.0455018,4.90438,0.0002,0,0,0,0.0002,0,0,0,0.0002,34
0.448793,-0.339373,2.58664,0.448628,-0.340496,2.58213,-0.0144395,-0.0199409,-0.04663,4.90301,0.0002,0,0,0,0.0002,0,0,0,0.0002,34
0.448515,-0.339981,2.58366,0.447402,-0.342414,2.57172,-0.0147178,-0.020549,-0.0496144,5.1937,0.0002,0,0,0,0.0002,0,0,0,0.0002,37
0.44827,-0.340483,2.58122,0.447293,-0.342488,2.57146,-0.0149593,-0.021043,-0.052023,5.18426,0.0002,0,0,0,0.0002,0,0,0,0.0002,37
0.448064,-0.340893,2.57922,0.447238,-0.342533,2.57126,-0.0151657,-0.021453,-0.0540153,5.18598,0.0002,0,0,0,0.0002,0,0,0,0.0002,37
0.447886,-0.34123,2.5776,0.447174,-0.342578,2.5711,-0.0153073,-0.0217552,-0.0554992,5.21592,0.0002,0,0,0,0.0002,0,0,0,0.0002,37
0.447732,-0.34151,2.57627,0.447116,-0.342632,2.57097,-0.0154613,-0.0220356,-0.0568256,5.21144,0.0002,0,0,0,0.0002,0,0,0,0.0002,37
0.447164,-0.341114,2.58082,0.444892,-0.339531,2.59898,-0.0160293,-0.0216397,-0.0522839,4.93311,0.0002,0,0,0,0.0002,0,0,0,0.0002,28
0.446732,-0.340783,2.58449,0.445005,-0.339457,2.59919,-0.0164799,-0.0213109,-0.0486286,4.93595,0.0002,0,0,0,0.0002,0,0,0,0.0002,28
0.446398,-0.340504,2.58747,0.445062,-0.339388,2.59937,-0.016814,-0.0210321,-0.0456536,4.92918,0.0002,0,0,0,0.0002,0,0,0,0.0002,28
0.446047,-0.340303,2.58985,0.444644,-0.339499,2.59937,-0.0171451,-0.0208178,-0.0432225,4.91698,0.0002,0,0,0,0.0002,0,0,0,0.0002,29
0.445778,-0.340134,2.59179,0.444702,-0.339457,2.59957,-0.0174141,-0.0206486,-0.0412777,4.9247,0.0002,0,0,0,0.0002,0,0,0,0.0002,29
0.445665,-0.339964,2.59341,0.44521,-0.339284,2.59987,-0.0175239,-0.0204729,-0.039653,4.90884,0.0002,0,0,0,0.0002,0,0,0,0.0002,27
0.446993,-0.339188,2.59756,0.452306,-0.336085,2.61416,-0.0161955,-0.0196972,-0.0355028,4.75142,0.0002,0,0,0,0.0002,0,0,0,0.0002,33
0.448067,-0.338571,2.60091,0.452365,-0.336101,2.61431,-0.0151211,-0.0190799,-0.0321532,4.75159,0.0002,0,0,0,0.0002,0,0,0,0.0002,33
0.448939,-0.338074,2.6036,0.452427,-0.336087,2.61437,-0.0142352,-0.0185793,-0.0294401,4.75539,0.0002,0,0,0,0.0002,0,0,0,0.0002,33
0.449643,-0.337682,2.60576,0.452459,-0.336115,2.61441,-0.0135313,-0.0181874,-0.027278,4.7706,0.0002,0,0,0,0.0002,0,0,0,0.0002,33
0.450209,-0.337368,2.6075,0.452473,-0.336113,2.61447,-0.0129408,-0.0178449,-0.0254465,4.76679,0.0002,0,0,0,0.0002,0,0,0,0.0002,33
0.450662,-0.33712,2.6089,0.452476,-0.336126,2.61447,-0.0124875,-0.0175964,-0.0240526,4.75415,0.0002,0,0,0,0.0002,0,0,0,0.0002,32
0.450648,-0.336942,2.60867,0.450588,-0.336229,2.60776,-0.0125023,-0.0174183,-0.0242799,5.3074,0.0002,0,0,0,0.0002,0,0,0,0.0002,32
0.450635,-0.33681,2.60849,0.450584,-0.336285,2.60779,-0.0124894,-0.0172604,-0.0243658,5.3261,0.0002,0,0,0,0.0002,0,0,0,0.0002,32
0.450619,-0.336702,2.60836,0.450557,-0.336271,2.60784,-0.012505,-0.0171524,-0.0244969,5.31487,0.0002,0,0,0,0.0002,0,0,0,0.0002,32
0.450612,-0.336616,2.60825,0.450582,-0.33627,2.6078,-0.0125124,-0.0170659,-0.0246095,5.32236,0.0002,0,0,0,0.0002,0,0,0,0.0002,32
0.450607,-0.336539,2.60815,0.450589,-0.33623,2.60776,-0.012517,-0.0169887,-0.0247082,5.3074,0.0002,0,0,0,0.0002,0,0,0,0.0002,32
0.450431,-0.336534,2.60872,0.449725,-0.336515,2.611,-0.0127073,-0.0169932,-0.0241884,5.30877,0.0002,0,0,0,0.0002,0,0,0,0.0002,32
0.450286,-0.336536,2.60918,0.449706,-0.336545,2.61104,-0.0128581,-0.0170099,-0.0237656,5.31984,0.0002,0,0,0,0.0002,0,0,0,0.0002,32
0.45017,-0.336541,2.60956,0.449708,-0.33656,2.61105,-0.0129738,-0.0170147,-0.0233926,5.32353,0.0002,0,0,0,0.0002,0,0,0,0.0002,32
0.450078,-0.336545,2.60985,0.44971,-0.336559,2.61104,-0.013052,-0.016999,-0.0230555,5.32353,0.0002,0,0,0,0.0002,0,0,0,0.0002,32
0.450006,-0.336539,2.61009,0.449719,-0.336518,2.61103,-0.0131239,-0.0169936,-0.0228213,5.31246,0.0002,0,0,0,0.0002,0,0,0,0.0002,32
0.449948,-0.336543,2.61028,0.449713,-0.336557,2.61105,-0.0131825,-0.0169972,-0.0226293,5.32353,0.0002,0,0,0,0.0002,0,0,0,0.0002,32
0.450032,-0.336628,2.6102,0.450372,-0.336966,2.60989,-0.0131046,-0.0170875,-0.0227275,4.99927,0.0002,0,0,0,0.0002,0,0,0,0.0002,32
0.450101,-0.336697,2.61014,0.450377,-0.336973,2.6099,-0.0130357,-0.0171567,-0.0227887,5.00023,0.0002,0,0,0,0.0002,0,0,0,0.0002,32
0.450156,-0.336752,2.61009,0.450373,-0.336971,2.6099,-0.0129814,-0.0172116,-0.0228372,5.00399,0.0002,0,0,0,0.0002,0,0,0,0.0002,32
0.450103,-0.336795,2.61003,0.449894,-0.33697,2.60976,-0.0130337,-0.0172552,-0.0229041,4.97979,0.0002,0,0,0,0.0002,0,0,0,0.0002,32
0.450056,-0.336833,2.60998,0.449869,-0.336984,2.6098,-0.0130806,-0.017293,-0.0229488,4.98355,0.0002,0,0,0,0.0002,0,0,0,0.0002,32
0.449442,-0.337025,2.60696,0.446985,-0.337793,2.59486,-0.0137137,-0.0174956,-0.0259925,5.09687,0.0002,0,0,0,0.0002,0,0,0,0.0002,33
0.449005,-0.337209,2.60443,0.447256,-0.337947,2.59432,-0.0141509,-0.01768,-0.0285199,5.08944,0.0002,0,0,0,0.0002,0,0,0,0.0002,32
0.448619,-0.337391,2.60232,0.447073,-0.338116,2.5939,-0.0145622,-0.0178699,-0.0306559,5.08939,0.0002,0,0,0,0.0002,0,0,0,0.0002,32
0.448291,-0.337555,2.60059,0.446982,-0.338211,2.59366,-0.0148894,-0.018034,-0.032388,5.09639,0.0002,0,0,0,0.0002,0,0,0,0.0002,32
0.448021,-0.337697,2.59915,0.446937,-0.338264,2.59341,-0.0151602,-0.0181758,-0.033825,5.0956,0.0002,0,0,0,0.0002,0,0,0,0.0002,32
0.447847,-0.33781,2.59783,0.447151,-0.338262,2.59252,-0.0153657,-0.0183088,-0.035222,5.0376,0.0002,0,0,0,0.0002,0,0,0,0.0002,32
0.448335,-0.337645,2.60265,0.450286,-0.336988,2.62195,-0.0148778,-0.0181444,-0.0303976,4.46147,0.0002,0,0,0,0.0002,0,0,0,0.0002,26
0.448747,-0.337499,2.60662,0.450396,-0.336913,2.62251,-0.0144655,-0.017998,-0.0264262,4.45854,0.0002,0,0,0,0.0002,0,0,0,0.0002,26
0.449093,-0.337362,2.60988,0.450476,-0.336817,2.62292,-0.0141583,-0.0178854,-0.023246,4.46093,0.0002,0,0,0,0.0002,0,0,0,0.0002,26
0.449389,-0.337241,2.61256,0.450575,-0.336757,2.62327,-0.0138618,-0.0177644,-0.0205694,4.46485,0.0002,0,0,0,0.0002,0,0,0,0.0002,26
0.449634,-0.337143,2.61476,0.450614,-0.336751,2.62355,-0.0136338,-0.0176691,-0.0183806,4.43313,0.0002,0,0,0,0.0002,0,0,0,0.0002,26
0.449841,-0.337064,2.61655,0.450668,-0.336747,2.6237,-0.013427,-0.0175899,-0.016593,4.44449,0.0002,0,0,0,0.0002,0,0,0,0.0002,26
0.44989,-0.336862,2.61326,0.450088,-0.336053,2.60013,-0.0134123,-0.0174055,-0.0199565,5.31374,0.0002,0,0,0,0.0002,0,0,0,0.0002,36
0.449927,-0.3367,2.61064,0.450073,-0.336053,2.60016,-0.0133758,-0.0172437,-0.0225773,5.31747,0.0002,0,0,0,0.0002,0,0,0,0.0002,36
0.449894,-0.336576,2.60853,0.449764,-0.336078,2.60009,-0.0134084,-0.0171193,-0.0246876,5.33039,0.0002,0,0,0,0.0002,0,0,0,0.0002,37
0.449926,-0.336471,2.60685,0.450055,-0.336055,2.60011,-0.0134129,-0.0170401,-0.0264418,5.29399,0.0002,0,0,0,0.0002,0,0,0,0.0002,35
0.449953,-0.336393,2.6055,0.45006,-0.336081,2.60013,-0.0133861,-0.0169619,-0.027786,5.30835,0.0002,0,0,0,0.0002,0,0,0,0.0002,35
0.449895,-0.336445,2.60384,0.44966,-0.336654,2.5972,-0.013418,-0.0169939,-0.0293864,5.2985,0.0002,0,0,0,0.0002,0,0,0,0.0002,35
0.449845,-0.336487,2.60251,0.449649,-0.336653,2.59716,-0.0134671,-0.0170354,-0.0307229,5.31881,0.0002,0,0,0,0.0002,0,0,0,0.0002,36
0.449805,-0.33652,2.60143,0.449644,-0.336651,2.59713,-0.0135074,-0.0170682,-0.0317992,5.32238,0.0002,0,0,0,0.0002,0,0,0,0.0002,36
0.44977,-0.336548,2.60057,0.44963,-0.33666,2.59711,-0.0135405,-0.0170964,-0.0326526,5.31855,0.0002,0,0,0,0.0002,0,0,0,0.0002,36
0.449742,-0.336571,2.59988,0.449632,-0.336664,2.59711,-0.0135683,-0.0171196,-0.0333446,5.31855,0.0002,0,0,0,0.0002,0,0,0,0.0002,36
0.449719,-0.336591,2.59932,0.449624,-0.336672,2.5971,-0.0135919,-0.0171399,-0.0339006,5.31855,0.0002,0,0,0,0.0002,0,0,0,0.0002,36
0.449418,-0.336964,2.59802,0.448215,-0.338457,2.59281,-0.0138927,-0.0175131,-0.0352033,5.30444,0.0002,0,0,0,0.0002,0,0,0,0.0002,37
0.449165,-0.337276,2.59694,0.448153,-0.338523,2.59264,-0.0141456,-0.0178248,-0.0362791,5.30444,0.0002,0,0,0,0.0002,0,0,0,0.0002,37
0.448959,-0.337531,2.59606,0.448134,-0.338551,2.59252,-0.0143706,-0.018092,-0.0372138,5.33164,0.0002,0,0,0,0.0002,0,0,0,0.0002,37
0.448787,-0.337733,2.59533,0.4481,-0.338543,2.59242,-0.0145425,-0.0182945,-0.0379405,5.31614,0.0002,0,0,0,0.0002,0,0,0,0.0002,37
0.448646,-0.337903,2.59473,0.448083,-0.338581,2.59231,-0.0147464,-0.0185132,-0.0387343,5.32001,0.0002,0,0,0,0.0002,0,0,0,0.0002,37
0.448756,-0.33789,2.59401,0.449198,-0.337841,2.59114,-0.0146361,-0.0185007,-0.039451,5.54932,0.0002,0,0,0,0.0002,0,0,0,0.0002,35
0.448843,-0.337883,2.59343,0.44919,-0.337853,2.59113,-0.0145493,-0.0184932,-0.0400258,5.5567,0.0002,0,0,0,0.0002,0,0,0,0.0002,35
0.44891,-0.337877,2.59297,0.449178,-0.337856,2.59112,-0.0144823,-0.0184877,-0.0404888,5.55284,0.0002,0,0,0,0.0002,0,0,0,0.0002,35
0.448963,-0.337871,2.5926,0.449172,-0.337846,2.59111,-0.0145042,-0.0185233,-0.0410108,5.55284,0.0002,0,0,0,0.0002,0,0,0,0.0002,35
0.449004,-0.337867,2.5923,0.449168,-0.337849,2.5911,-0.014463,-0.0185188,-0.0413099,5.55284,0.0002,0,0,0,0.0002,0,0,0,0.0002,35
0.449037,-0.337865,2.59206,0.449169,-0.337857,2.59109,-0.0144744,-0.0185442,-0.0416627,5.54898,0.0002,0,0,0,0.0002,0,0,0,0.0002,35
0.449299,-0.337658,2.59482,0.45035,-0.336831,2.60587,-0.0142119,-0.0183374,-0.0389005,4.66985,0.0002,0,0,0,0.0002,0,0,0,0.0002,32
0.449525,-0.337487,2.59705,0.450429,-0.336801,2.60597,-0.013986,-0.0181661,-0.0366712,4.65889,0.0002,0,0,0,0.0002,0,0,0,0.0002,32
0.449714,-0.337338,2.59884,0.450467,-0.336746,2.60601,-0.0137977,-0.0180178,-0.0348785,4.65011,0.0002,0,0,0,0.0002,0,0,0,0.0002,32
0.449869,-0.337228,2.60029,0.450491,-0.336787,2.60606,-0.0136422,-0.0179095,-0.0334344,4.67692,0.0002,0,0,0,0.0002,0,0,0,0.0002,32
0.449998,-0.337144,2.60145,0.450515,-0.336807,2.6061,-0.013513,-0.0178253,-0.0322709,4.70202,0.0002,0,0,0,0.0002,0,0,0,0.0002,33
0.450443,-0.337689,2.60244,0.452222,-0.33987,2.60639,-0.0130682,-0.0183705,-0.0312822,5.91826,0.0002,0,0,0,0.0002,0,0,0,0.0002,36
0.450804,-0.338117,2.60325,0.452247,-0.33983,2.6065,-0.0127074,-0.0187987,-0.0304703,5.92172,0.0002,0,0,0,0.0002,0,0,0,0.0002,36
0.451091,-0.338459,2.6039,0.452239,-0.339826,2.60651,-0.0124482,-0.0191547,-0.0298781,5.9188,0.0002,0,0,0,0.0002,0,0,0,0.0002,36
0.451319,-0.338734,2.60443,0.452233,-0.339832,2.60656,-0.0122197,-0.0194293,-0.0293473,5.92247,0.0002,0,0,0,0.0002,0,0,0,0.0002,36
0.451505,-0.338951,2.60486,0.45225,-0.339821,2.60656,-0.0120336,-0.0196468,-0.0289216,5.9188,0.0002,0,0,0,0.0002,0,0,0,0.0002,36
0.451652,-0.339123,2.6052,0.452238,-0.339811,2.60657,-0.011918,-0.0198392,-0.0286194,5.9188,0.0002,0,0,0,0.0002,0,0,0,0.0002,36
0.451105,-0.338606,2.60543,0.448918,-0.336537,2.60633,-0.0124995,-0.0193362,-0.0284443,5.19748,0.0002,0,0,0,0.0002,0,0,0,0.0002,32
0.450667,-0.338192,2.60561,0.448915,-0.336537,2.60632,-0.0129374,-0.0189224,-0.0282645,5.19748,0.0002,0,0,0,0.0002,0,0,0,0.0002,32
0.450319,-0.337864,2.60575,0.448927,-0.336551,2.60632,-0.0132855,-0.0185941,-0.0281209,5.205,0.0002,0,0,0,0.0002,0,0,0,0.0002,32
0.450041,-0.337601,2.60587,0.448928,-0.336551,2.60634,-0.0135538,-0.0183241,-0.027963,5.205,0.0002,0,0,0,0.0002,0,0,0,0.0002,32
0.449818,-0.337392,2.60596,0.448926,-0.336555,2.60633,-0.0138164,-0.0181327,-0.0279508,5.205,0.0002,0,0,0,0.0002,0,0,0,0.0002,32
0.449638,-0.337223,2.60603,0.448919,-0.336547,2.60633,-0.0139961,-0.0179637,-0.0278757,5.205,0.0002,0,0,0,0.0002,0,0,0,0.0002,32
0.449669,-0.33738,2.60528,0.449791,-0.338008,2.60225,-0.0139655,-0.0181207,-0.0286322,5.2635,0.0002,0,0,0,0.0002,0,0,0,0.0002,31
0.449688,-0.337506,2.60466,0.449764,-0.338011,2.60221,-0.0139464,-0.0182468,-0.0292452,5.26728,0.0002,0,0,0,0.0002,0,0,0,0.0002,31
0.449699,-0.337607,2.60417,0.449743,-0.338008,2.60221,-0.01397,-0.0183781,-0.0298158,5.25971,0.0002,0,0,0,0.0002,0,0,0,0.0002,31
0.449707,-0.337689,2.60377,0.449737,-0.338021,2.60216,-0.0139624,-0.018461,-0.0302181,5.26728,0.0002,0,0,0,0.0002,0,0,0,0.0002,31
0.44971,-0.337759,2.60344,0.449723,-0.338038,2.60212,-0.0139741,-0.0185374,-0.0305675,5.28731,0.0002,0,0,0,0.0002,0,0,0,0.0002,32
0.449063,-0.338331,2.59783,0.446473,-0.34062,2.5754,-0.0146214,-0.0191095,-0.036175,5.02441,0.0002,0,0,0,0.0002,0,0,0,0.0002,35
0.448515,-0.338818,2.59324,0.446326,-0.340767,2.57484,-0.0151687,-0.0195967,-0.0407736,5.01591,0.0002,0,0,0,0.0002,0,0,0,0.0002,34
0.448057,-0.339231,2.58948,0.446223,-0.340879,2.57443,-0.015652,-0.0200243,-0.0445741,5.03169,0.0002,0,0,0,0.0002,0,0,0,0.0002,35
0.447671,-0.339587,2.58638,0.446128,-0.341014,2.57401,-0.0160379,-0.020381,-0.0476666,5.04644,0.0002,0,0,0,0.0002,0,0,0,0.0002,35
0.447358,-0.339899,2.58386,0.446107,-0.341144,2.57377,-0.0163506,-0.0206923,-0.0501897,5.04208,0.0002,0,0,0,0.0002,0,0,0,0.0002,35
0.447091,-0.340176,2.5818,0.446022,-0.341283,2.57356,-0.0166178,-0.0209692,-0.0522506,5.04208,0.0002,0,0,0,0.0002,0,0,0,0.0002,35
0.447608,-0.339527,2.58463,0.449676,-0.336933,2.59597,-0.0161035,-0.0203311,-0.0494555,4.55911,0.0002,0,0,0,0.0002,0,0,0,0.0002,34
0.448045,-0.338996,2.58697,0.449795,-0.336873,2.59631,-0.0156732,-0.0198032,-0.0471194,4.56085,0.0002,0,0,0,0.0002,0,0,0,0.0002,34
0.4484,-0.338562,2.58885,0.449816,-0.336824,2.59637,-0.015319,-0.0193687,-0.0452392,4.55417,0.0002,0,0,0,0.0002,0,0,0,0.0002,34
0.44869,-0.338212,2.59037,0.449853,-0.336811,2.59646,-0.0150233,-0.0190157,-0.0437072,4.55417,0.0002,0,0,0,0.0002,0,0,0,0.0002,34
0.448926,-0.337928,2.5916,0.449868,-0.336792,2.59651,-0.0147877,-0.0187319,-0.042479,4.55417,0.0002,0,0,0,0.0002,0,0,0,0.0002,34
