EKF_x,EKF_y,EKF_theta,PM_x,PM_y,PM_theta,errorEKF_x,errorEKF_y,errorEKF_theta,errorPM,EKFCovXX,EKFCovXY,EKFCovXTheta,EKFCovYX,EKFCovYY,EKFCovYTheta,EKFCovThetaX,EKFCovThetaY,EKFCovThetaTheta
0.447237,-0.335835,2.60875,0.447237,-0.335835,2.60875,-0.0157106,-0.0165953,-0.0309629,6.36532,0.000999999,0,0,0,0.000999999,0,0,0,0.000999999
0.44723,-0.335924,2.60878,0.447223,-0.336009,2.60882,-0.0157177,-0.0166842,-0.0309272,6.44463,0.000512195,0,0,0,0.000512195,0,0,0,0.000512195
0.447231,-0.33592,2.60878,0.447232,-0.335914,2.60878,-0.0157168,-0.0166806,-0.0309265,6.39075,0.000359875,0,0,0,0.000359875,0,0,0,0.000359875
0.447227,-0.335918,2.60879,0.447218,-0.335911,2.6088,-0.0160607,-0.016658,-0.026993,6.39075,0.000290717,0,0,0,0.000290717,0,0,0,0.000290717
0.447227,-0.335921,2.60879,0.447226,-0.335932,2.6088,-0.0160609,-0.0166616,-0.0269896,6.40426,0.000254131,0,0,0,0.000254131,0,0,0,0.000254131
0.447669,-0.336483,2.60481,0.449122,-0.338331,2.59171,-0.0157209,-0.0171991,-0.029282,6.29358,0.000233206,0,0,0,0.000233206,0,0,0,0.000233206
0.447953,-0.336928,2.60181,0.448957,-0.3385,2.59124,-0.0154365,-0.0176442,-0.0322759,6.292,0.000220702,0,0,0,0.000220702,0,0,0,0.000220702
0.448142,-0.337283,2.59948,0.448838,-0.338592,2.59084,-0.0152396,-0.0179838,-0.0344642,6.27472,0.000213033,0,0,0,0.000213033,0,0,0,0.000213033
0.448275,-0.337575,2.59761,0.448782,-0.338687,2.59052,-0.0151063,-0.0182763,-0.0363283,6.27415,0.000208255,0,0,0,0.000208255,0,0,0,0.000208255
0.44837,-0.33781,2.59612,0.448737,-0.338719,2.59033,-0.0150412,-0.0185245,-0.0378619,6.26906,0.000205249,0,0,0,0.000205249,0,0,0,0.000205249
0.448834,-0.337475,2.59738,0.45065,-0.336164,2.60234,-0.0145776,-0.0181898,-0.0365976,6.19849,0.000203345,0,0,0,0.000203345,0,0,0,0.000203345
0.449205,-0.337222,2.5984,0.450671,-0.336221,2.60242,-0.0142062,-0.0179363,-0.0355802,6.21521,0.000202135,0,0,0,0.000202135,0,0,0,0.000202135
0.449504,-0.337013,2.5992,0.450691,-0.336186,2.60238,-0.0137407,-0.0176977,-0.0358795,6.21042,0.000201364,0,0,0,0.000201364,0,0,0,0.000201364
0.449739,-0.33685,2.59984,0.450673,-0.336201,2.60239,-0.013506,-0.0175345,-0.0352385,6.20843,0.000200872,0,0,0,0.000200872,0,0,0,0.000200872
0.449926,-0.336723,2.60036,0.450674,-0.336216,2.60244,-0.0133185,-0.0174075,-0.0347163,6.21183,0.000200558,0,0,0,0.000200558,0,0,0,0.000200558
0.450075,-0.33662,2.60077,0.450668,-0.336211,2.60239,-0.0132889,-0.0173294,-0.0332505,6.20843,0.000200357,0,0,0,0.000200357,0,0,0,0.000200357
0.449997,-0.336398,2.6004,0.449686,-0.335511,2.59893,-0.0133668,-0.0171072,-0.0336195,6.25751,0.000200228,0,0,0,0.000200228,0,0,0,0.000200228
0.449939,-0.336219,2.6001,0.449709,-0.335504,2.59888,-0.0134835,-0.0169602,-0.033923,6.25751,0.000200146,0,0,0,0.000200146,0,0,0,0.000200146
0.449889,-0.336067,2.59986,0.449686,-0.335461,2.5989,-0.0135342,-0.0168084,-0.0341634,6.23961,0.000200093,0,0,0,0.000200093,0,0,0,0.000200093
0.449848,-0.335946,2.59966,0.449684,-0.335459,2.59888,-0.0135751,-0.0166868,-0.0343587,6.23961,0.00020006,0,0,0,0.00020006,0,0,0,0.00020006
0.449815,-0.335847,2.5995,0.449681,-0.335451,2.59888,-0.0136521,-0.0166138,-0.0345851,6.2363,0.000200038,0,0,0,0.000200038,0,0,0,0.000200038
0.449918,-0.336556,2.59895,0.450333,-0.339393,2.59671,-0.0135484,-0.0173232,-0.0351445,6.83865,0.000200025,0,0,0,0.000200025,0,0,0,0.000200025
0.449997,-0.337127,2.5985,0.450313,-0.33941,2.5967,-0.0134693,-0.0178941,-0.0355946,6.84203,0.000200016,0,0,0,0.000200016,0,0,0,0.000200016
0.450055,-0.337584,2.59813,0.450285,-0.339414,2.59667,-0.0133918,-0.01834,-0.0359294,6.83527,0.00020001,0,0,0,0.00020001,0,0,0,0.00020001
0.450102,-0.33795,2.59783,0.450289,-0.339412,2.59664,-0.0133015,-0.0187051,-0.0361169,6.83784,0.000200006,0,0,0,0.000200006,0,0,0,0.000200006
0.450136,-0.338242,2.59758,0.450275,-0.33941,2.59659,-0.0132668,-0.0189971,-0.036365,6.83671,0.000200004,0,0,0,0.000200004,0,0,0,0.000200004
0.450161,-0.338474,2.59739,0.450258,-0.339404,2.59659,-0.0132426,-0.0192295,-0.0365647,6.83333,0.000200003,0,0,0,0.000200003,0,0,0,0.000200003
0.45028,-0.337945,2.59923,0.450758,-0.335828,2.60662,-0.0131369,-0.0186866,-0.0347581,6.53096,0.000200002,0,0,0,0.000200002,0,0,0,0.000200002
0.450378,-0.337521,2.60071,0.450772,-0.335823,2.60662,-0.0130386,-0.0182621,-0.0332804,6.52761,0.000200001,0,0,0,0.000200001,0,0,0,0.000200001
0.450458,-0.337157,2.60189,0.450778,-0.335702,2.6066,-0.0129428,-0.0178906,-0.032093,6.48695,0.000200001,0,0,0,0.000200001,0,0,0,0.000200001
0.450523,-0.336872,2.60284,0.450782,-0.335731,2.60664,-0.012878,-0.0176055,-0.0311423,6.49964,0.0002,0,0,0,0.0002,0,0,0,0.0002
0.450571,-0.336638,2.60359,0.450761,-0.335705,2.6066,-0.0128303,-0.017372,-0.0303897,6.48695,0.0002,0,0,0,0.0002,0,0,0,0.0002
0.450392,-0.336569,2.60214,0.449676,-0.33629,2.59636,-0.0128768,-0.0172834,-0.0330064,5.73379,0.0002,0,0,0,0.0002,0,0,0,0.0002
0.450245,-0.336516,2.60099,0.449658,-0.336304,2.59636,-0.0130235,-0.0172305,-0.0341632,5.7371,0.0002,0,0,0,0.0002,0,0,0,0.0002
0.450128,-0.336474,2.60006,0.449661,-0.336308,2.59633,-0.0131403,-0.017189,-0.0350945,5.73989,0.0002,0,0,0,0.0002,0,0,0,0.0002
0.45003,-0.336441,2.5993,0.449639,-0.336309,2.5963,-0.0132383,-0.0171559,-0.035845,5.73959,0.0002,0,0,0,0.0002,0,0,0,0.0002
0.449952,-0.336411,2.5987,0.44964,-0.336292,2.59627,-0.0134144,-0.0171259,-0.0353625,5.73514,0.0002,0,0,0,0.0002,0,0,0,0.0002
0.44989,-0.336391,2.59821,0.449643,-0.336312,2.59625,-0.0134764,-0.0171059,-0.0358516,5.73379,0.0002,0,0,0,0.0002,0,0,0,0.0002
0.450008,-0.336266,2.60095,0.450477,-0.335764,2.6119,-0.0133591,-0.0169805,-0.0331137,6.0977,0.0002,0,0,0,0.0002,0,0,0,0.0002
0.450107,-0.336161,2.60314,0.450504,-0.335743,2.61191,-0.0132454,-0.0168629,-0.0307916,6.0919,0.0002,0,0,0,0.0002,0,0,0,0.0002
0.450198,-0.336077,2.60491,0.45056,-0.33574,2.61198,-0.0131548,-0.0167785,-0.0290236,6.09526,0.0002,0,0,0,0.0002,0,0,0,0.0002
0.450279,-0.336012,2.60633,0.450607,-0.335752,2.612,-0.013073,-0.0167134,-0.0276045,6.09864,0.0002,0,0,0,0.0002,0,0,0,0.0002
0.450344,-0.335963,2.60747,0.450604,-0.335769,2.61207,-0.0129614,-0.0166695,-0.0268156,6.09553,0.0002,0,0,0,0.0002,0,0,0,0.0002
0.450401,-0.335915,2.6084,0.450627,-0.335719,2.61211,-0.0129048,-0.0166207,-0.0258888,6.09359,0.0002,0,0,0,0.0002,0,0,0,0.0002
0.449985,-0.336743,2.60328,0.448323,-0.340055,2.58279,-0.0133204,-0.0174488,-0.0310104,6.07889,0.0002,0,0,0,0.0002,0,0,0,0.0002
0.449633,-0.337422,2.59913,0.448225,-0.340139,2.58251,-0.0133203,-0.0181311,-0.0388638,6.08067,0.0002,0,0,0,0.0002,0,0,0,0.0002
0.449335,-0.33798,2.59576,0.448142,-0.340213,2.58228,-0.0136185,-0.0186893,-0.042233,6.07756,0.0002,0,0,0,0.0002,0,0,0,0.0002
0.449084,-0.338441,2.59303,0.448082,-0.340283,2.58211,-0.0141096,-0.0191331,-0.0420728,6.09479,0.0002,0,0,0,0.0002,0,0,0,0.0002
0.448879,-0.338815,2.59081,0.44806,-0.340314,2.58197,-0.0143144,-0.0195078,-0.0442852,6.09391,0.0002,0,0,0,0.0002,0,0,0,0.0002
0.448922,-0.338891,2.58983,0.449092,-0.339191,2.58589,-0.0142719,-0.0195829,-0.0452709,6.27673,0.0002,0,0,0,0.0002,0,0,0,0.0002
0.448947,-0.338956,2.58903,0.449049,-0.339215,2.58584,-0.013895,-0.0196722,-0.0502978,6.27892,0.0002,0,0,0,0.0002,0,0,0,0.0002
0.448969,-0.339008,2.58838,0.449056,-0.339219,2.58579,-0.0138733,-0.0197248,-0.0509463,6.27934,0.0002,0,0,0,0.0002,0,0,0,0.0002
0.448981,-0.339052,2.58785,0.449028,-0.339227,2.58574,-0.0139177,-0.0197465,-0.0505848,6.27934,0.0002,0,0,0,0.0002,0,0,0,0.0002
0.448986,-0.339089,2.58742,0.449009,-0.339235,2.5857,-0.013912,-0.0197832,-0.0510163,6.27934,0.0002,0,0,0,0.0002,0,0,0,0.0002
0.448987,-0.339119,2.58707,0.448988,-0.339243,2.58564,-0.0138005,-0.0197988,-0.0524826,6.27934,0.0002,0,0,0,0.0002,0,0,0,0.0002
0.448897,-0.338186,2.5893,0.448537,-0.334455,2.59821,-0.0138904,-0.0188658,-0.0502533,5.98401,0.0002,0,0,0,0.0002,0,0,0,0.0002
0.448831,-0.337428,2.59107,0.448567,-0.334395,2.59817,-0.0139563,-0.0181075,-0.0484776,5.96004,0.0002,0,0,0,0.0002,0,0,0,0.0002
0.448777,-0.336823,2.59249,0.448563,-0.334405,2.59818,-0.0143259,-0.0174524,-0.0429657,5.96347,0.0002,0,0,0,0.0002,0,0,0,0.0002
0.448736,-0.336352,2.59364,0.44857,-0.334464,2.5982,-0.0143673,-0.0169806,-0.0418246,5.98744,0.0002,0,0,0,0.0002,0,0,0,0.0002
0.448705,-0.335968,2.59455,0.448582,-0.334435,2.59822,-0.014398,-0.0165973,-0.0409077,5.97717,0.0002,0,0,0,0.0002,0,0,0,0.0002
0.44845,-0.336101,2.59444,0.447431,-0.336634,2.594,-0.0146528,-0.0167304,-0.041018,6.29778,0.0002,0,0,0,0.0002,0,0,0,0.0002
0.448247,-0.336211,2.59435,0.447436,-0.336649,2.59397,-0.0148558,-0.01684,-0.0411123,6.321,0.0002,0,0,0,0.0002,0,0,0,0.0002
0.448085,-0.336297,2.59427,0.447437,-0.33664,2.59396,-0.0151335,-0.0169313,-0.0399897,6.321,0.0002,0,0,0,0.0002,0,0,0,0.0002
0.447955,-0.336364,2.59421,0.447433,-0.336633,2.59395,-0.0152641,-0.0169984,-0.0400539,6.32423,0.0002,0,0,0,0.0002,0,0,0,0.0002
0.44785,-0.336421,2.59415,0.44743,-0.336651,2.59394,-0.0153689,-0.017056,-0.0401072,6.321,0.0002,0,0,0,0.0002,0,0,0,0.0002
0.447764,-0.336467,2.59411,0.447421,-0.33665,2.59393,-0.0149493,-0.0170314,-0.0447616,6.31755,0.0002,0,0,0,0.0002,0,0,0,0.0002
0.447919,-0.33651,2.59358,0.448539,-0.336684,2.59146,-0.0147943,-0.0170748,-0.0452912,6.34163,0.0002,0,0,0,0.0002,0,0,0,0.0002
0.448037,-0.336544,2.59315,0.448506,-0.33668,2.59146,-0.0150583,-0.0170504,-0.0406556,6.34163,0.0002,0,0,0,0.0002,0,0,0,0.0002
0.448132,-0.336572,2.59281,0.448512,-0.336682,2.59144,-0.0149632,-0.0170779,-0.0409989,6.34163,0.0002,0,0,0,0.0002,0,0,0,0.0002
0.44821,-0.336594,2.59253,0.448521,-0.336681,2.59139,-0.0147948,-0.0170939,-0.0420222,6.34464,0.0002,0,0,0,0.0002,0,0,0,0.0002
0.44827,-0.33661,2.59231,0.448509,-0.336678,2.59142,-0.0147349,-0.0171107,-0.0422436,6.34464,0.0002,0,0,0,0.0002,0,0,0,0.0002
0.448538,-0.336427,2.59621,0.449613,-0.335695,2.61182,-0.0144662,-0.0169277,-0.03834,6.21792,0.0002,0,0,0,0.0002,0,0,0,0.0002
0.448767,-0.336272,2.59936,0.449682,-0.33565,2.61198,-0.0143293,-0.0167766,-0.0343364,6.19662,0.0002,0,0,0,0.0002,0,0,0,0.0002
0.448958,-0.336147,2.6019,0.449722,-0.335649,2.61205,-0.0141384,-0.016652,-0.0318,6.19662,0.0002,0,0,0,0.0002,0,0,0,0.0002
0.449115,-0.33605,2.60395,0.449741,-0.33566,2.61214,-0.0139818,-0.0165546,-0.029751,6.18979,0.0002,0,0,0,0.0002,0,0,0,0.0002
0.44925,-0.335965,2.60559,0.449793,-0.335627,2.61213,-0.0138546,-0.0164625,-0.0278039,6.20003,0.0002,0,0,0,0.0002,0,0,0,0.0002
0.449362,-0.335903,2.6069,0.449806,-0.335656,2.61216,-0.0137434,-0.0164005,-0.0264895,6.19737,0.0002,0,0,0,0.0002,0,0,0,0.0002
0.449714,-0.335862,2.60828,0.451124,-0.335696,2.6138,-0.0134071,-0.0163691,-0.0250494,5.98256,0.0002,0,0,0,0.0002,0,0,0,0.0002
0.449996,-0.335826,2.60938,0.451126,-0.335684,2.61379,-0.0131248,-0.0163335,-0.0239466,5.97581,0.0002,0,0,0,0.0002,0,0,0,0.0002
0.450223,-0.335801,2.61028,0.451129,-0.335699,2.61385,-0.0129075,-0.0163075,-0.023014,5.98256,0.0002,0,0,0,0.0002,0,0,0,0.0002
0.450403,-0.335781,2.61099,0.451126,-0.335703,2.61383,-0.0127269,-0.016288,-0.0223035,5.98543,0.0002,0,0,0,0.0002,0,0,0,0.0002
0.450549,-0.335759,2.61155,0.451129,-0.335669,2.6138,-0.0125817,-0.0162656,-0.0217412,5.97918,0.0002,0,0,0,0.0002,0,0,0,0.0002
0.450091,-0.335935,2.6131,0.448261,-0.336638,2.6193,-0.013045,-0.0164538,-0.0202315,5.70499,0.0002,0,0,0,0.0002,0,0,0,0.0002
0.449728,-0.336069,2.61435,0.448277,-0.336605,2.61934,-0.0134078,-0.0165879,-0.018983,5.69503,0.0002,0,0,0,0.0002,0,0,0,0.0002
0.449283,-0.336132,2.61586,0.447502,-0.336386,2.62193,-0.0138532,-0.0166514,-0.0174659,5.89812,0.0002,0,0,0,0.0002,0,0,0,0.0002
0.448905,-0.336153,2.61729,0.447393,-0.336237,2.623,-0.0142529,-0.0166818,-0.0160782,5.94631,0.0002,0,0,0,0.0002,0,0,0,0.0002
0.448663,-0.336135,2.61904,0.447697,-0.336064,2.62605,-0.0144945,-0.0166639,-0.0143271,6.02521,0.0002,0,0,0,0.0002,0,0,0,0.0002
0.448539,-0.336103,2.62061,0.448043,-0.335976,2.62687,-0.0146654,-0.0166543,-0.0128118,6.02522,0.0002,0,0,0,0.0002,0,0,0,0.0002
0.448857,-0.336024,2.61969,0.450126,-0.335704,2.61599,-0.014348,-0.0165745,-0.0137347,6.26575,0.0002,0,0,0,0.0002,0,0,0,0.0002
0.449111,-0.335966,2.61895,0.450126,-0.335735,2.61602,-0.0140942,-0.0165167,-0.0144681,6.27582,0.0002,0,0,0,0.0002,0,0,0,0.0002
0.449314,-0.335919,2.61836,0.45013,-0.335733,2.616,-0.013905,-0.0164843,-0.015119,6.27542,0.0002,0,0,0,0.0002,0,0,0,0.0002
0.449478,-0.335882,2.61789,0.450131,-0.335734,2.616,-0.0137418,-0.0164473,-0.0155908,6.27542,0.0002,0,0,0,0.0002,0,0,0,0.0002
0.449608,-0.335852,2.61751,0.45013,-0.335732,2.61599,-0.0136529,-0.0164429,-0.0160609,6.27542,0.0002,0,0,0,0.0002,0,0,0,0.0002
0.449712,-0.335829,2.61721,0.450128,-0.335733,2.616,-0.0135489,-0.0164191,-0.0163633,6.27542,0.0002,0,0,0,0.0002,0,0,0,0.0002
0.449344,-0.335888,2.61486,0.447872,-0.336124,2.60548,-0.013917,-0.0164783,-0.0187088,6.53484,0.0002,0,0,0,0.0002,0,0,0,0.0002
0.449049,-0.335936,2.61297,0.447868,-0.336129,2.60543,-0.0142171,-0.0165361,-0.0206254,6.53414,0.0002,0,0,0,0.0002,0,0,0,0.0002
0.448812,-0.335975,2.61146,0.447863,-0.336132,2.60541,-0.0144543,-0.0165754,-0.0221373,6.53758,0.0002,0,0,0,0.0002,0,0,0,0.0002
0.448621,-0.336007,2.61025,0.44786,-0.336132,2.60541,-0.0146295,-0.0166098,-0.0233473,6.53484,0.0002,0,0,0,0.0002,0,0,0,0.0002
0.448468,-0.336033,2.60928,0.447853,-0.336136,2.6054,-0.0147831,-0.0166357,-0.0243174,6.53484,0.0002,0,0,0,0.0002,0,0,0,0.0002
0.448345,-0.336053,2.6085,0.447852,-0.336134,2.60536,-0.0149062,-0.0166559,-0.0251025,6.53473,0.0002,0,0,0,0.0002,0,0,0,0.0002
0.448225,-0.336218,2.60735,0.447748,-0.336878,2.60275,-0.0150512,-0.0168299,-0.0263224,6.2889,0.0002,0,0,0,0.0002,0,0,0,0.0002
0.448116,-0.336359,2.6064,0.447676,-0.336925,2.60259,-0.015161,-0.0169713,-0.0272734,6.29572,0.0002,0,0,0,0.0002,0,0,0,0.0002
0.448016,-0.336482,2.60561,0.447618,-0.336974,2.60247,-0.0152464,-0.0170978,-0.0280881,6.29572,0.0002,0,0,0,0.0002,0,0,0,0.0002
0.447937,-0.336572,2.60497,0.447619,-0.336934,2.60238,-0.0153258,-0.0171881,-0.0287343,6.29164,0.0002,0,0,0,0.0002,0,0,0,0.0002
0.447869,-0.336643,2.60445,0.4476,-0.336926,2.60238,-0.0153979,-0.0172635,-0.0292714,6.28821,0.0002,0,0,0,0.0002,0,0,0,0.0002
0.448046,-0.337117,2.59874,0.448752,-0.339015,2.57592,-0.0152213,-0.0177378,-0.034977,6.10056,0.0002,0,0,0,0.0002,0,0,0,0.0002
0.448142,-0.337533,2.59408,0.448524,-0.339198,2.57542,-0.0151258,-0.0181539,-0.0396423,6.10888,0.0002,0,0,0,0.0002,0,0,0,0.0002
0.448143,-0.337892,2.59018,0.448147,-0.339326,2.57458,-0.0151157,-0.0185045,-0.0435321,6.07177,0.0002,0,0,0,0.0002,0,0,0,0.0002
0.448116,-0.338197,2.58698,0.448007,-0.339417,2.57418,-0.0151429,-0.0188095,-0.0467307,6.08552,0.0002,0,0,0,0.0002,0,0,0,0.0002
0.448072,-0.338457,2.58436,0.447897,-0.339499,2.57387,-0.0151866,-0.0190699,-0.0493535,6.08873,0.0002,0,0,0,0.0002,0,0,0,0.0002
0.44802,-0.338678,2.58222,0.447811,-0.339561,2.57366,-0.0152327,-0.0192874,-0.0515127,6.08788,0.0002,0,0,0,0.0002,0,0,0,0.0002
0.448245,-0.33847,2.58317,0.449144,-0.337638,2.58699,-0.0150078,-0.0190794,-0.0505575,5.88979,0.0002,0,0,0,0.0002,0,0,0,0.0002
0.44843,-0.338296,2.58394,0.449172,-0.337601,2.58703,-0.01485,-0.0189256,-0.0498566,5.88535,0.0002,0,0,0,0.0002,0,0,0,0.0002
0.448579,-0.338158,2.58457,0.449177,-0.337606,2.58706,-0.0147006,-0.0187876,-0.0492323,5.88345,0.0002,0,0,0,0.0002,0,0,0,0.0002
0.448704,-0.338044,2.58508,0.449205,-0.337587,2.58712,-0.0145784,-0.0186743,-0.0487323,5.88535,0.0002,0,0,0,0.0002,0,0,0,0.0002
0.448805,-0.337952,2.58549,0.449208,-0.337585,2.58716,-0.0144777,-0.0185824,-0.0483152,5.88191,0.0002,0,0,0,0.0002,0,0,0,0.0002
0.448991,-0.337716,2.59121,0.449737,-0.33677,2.61409,-0.0142914,-0.0183458,-0.0425962,6.15258,0.0002,0,0,0,0.0002,0,0,0,0.0002
0.449151,-0.337523,2.59584,0.449791,-0.336754,2.61434,-0.0141267,-0.0181412,-0.0379317,6.14388,0.0002,0,0,0,0.0002,0,0,0,0.0002
0.449294,-0.337377,2.59957,0.449863,-0.336792,2.6145,-0.0139845,-0.0179949,-0.0341987,6.15991,0.0002,0,0,0,0.0002,0,0,0,0.0002
0.449422,-0.337252,2.60258,0.449934,-0.336754,2.61463,-0.0138564,-0.0178702,-0.0311874,6.1726,0.0002,0,0,0,0.0002,0,0,0,0.0002
0.449524,-0.337154,2.60501,0.449934,-0.33676,2.61474,-0.0137659,-0.0177813,-0.0287758,6.1718,0.0002,0,0,0,0.0002,0,0,0,0.0002
0.449615,-0.337075,2.60698,0.449981,-0.336759,2.61484,-0.0136746,-0.0177024,-0.0268111,6.17065,0.0002,0,0,0,0.0002,0,0,0,0.0002
0.449519,-0.336908,2.6049,0.449134,-0.336241,2.59657,-0.0137937,-0.017545,-0.028932,6.46489,0.0002,0,0,0,0.0002,0,0,0,0.0002
0.449438,-0.336778,2.60322,0.449116,-0.336258,2.59652,-0.0138743,-0.0174149,-0.0306074,6.46489,0.0002,0,0,0,0.0002,0,0,0,0.0002
0.44937,-0.336675,2.60188,0.449097,-0.336263,2.5965,-0.0139426,-0.0173119,-0.0319519,6.46827,0.0002,0,0,0,0.0002,0,0,0,0.0002
0.449313,-0.336594,2.6008,0.449085,-0.336268,2.59647,-0.0140125,-0.017248,-0.0330628,6.46151,0.0002,0,0,0,0.0002,0,0,0,0.0002
0.449263,-0.336535,2.59994,0.449064,-0.3363,2.59651,-0.0140623,-0.0171892,-0.03392,6.48098,0.0002,0,0,0,0.0002,0,0,0,0.0002
0.449173,-0.336583,2.59962,0.448812,-0.336778,2.59834,-0.0141855,-0.0172384,-0.0342709,6.2705,0.0002,0,0,0,0.0002,0,0,0,0.0002
0.449101,-0.336632,2.59937,0.448812,-0.336828,2.59838,-0.0142577,-0.0172874,-0.0345188,6.28775,0.0002,0,0,0,0.0002,0,0,0,0.0002
0.449041,-0.336669,2.59916,0.448803,-0.336813,2.5983,-0.0143173,-0.0173236,-0.0347332,6.28038,0.0002,0,0,0,0.0002,0,0,0,0.0002
0.448993,-0.336695,2.59898,0.448801,-0.336803,2.59827,-0.0143833,-0.0173619,-0.0349403,6.27693,0.0002,0,0,0,0.0002,0,0,0,0.0002
0.448952,-0.336725,2.59885,0.448787,-0.336842,2.59832,-0.0144245,-0.0173912,-0.0350728,6.29119,0.0002,0,0,0,0.0002,0,0,0,0.0002
0.448919,-0.336748,2.59874,0.448788,-0.336841,2.5983,-0.0144573,-0.0174145,-0.0351814,6.29119,0.0002,0,0,0,0.0002,0,0,0,0.0002
0.448205,-0.337286,2.59757,0.445347,-0.339437,2.59289,-0.0151608,-0.0179457,-0.0363302,6.25726,0.0002,0,0,0,0.0002,0,0,0,0.0002
0.447622,-0.337728,2.59659,0.445291,-0.339495,2.59267,-0.0157436,-0.0183875,-0.0373107,6.25153,0.0002,0,0,0,0.0002,0,0,0,0.0002
0.447145,-0.33809,2.59578,0.445239,-0.339537,2.59254,-0.0162223,-0.0187419,-0.0380909,6.25805,0.0002,0,0,0,0.0002,0,0,0,0.0002
0.446755,-0.338389,2.5951,0.445195,-0.339584,2.59239,-0.0166124,-0.0190408,-0.038769,6.26113,0.0002,0,0,0,0.0002,0,0,0,0.0002
0.446432,-0.338643,2.59454,0.445142,-0.339661,2.5923,-0.0169351,-0.0192953,-0.0393297,6.26438,0.0002,0,0,0,0.0002,0,0,0,0.0002
0.446168,-0.338851,2.59407,0.44511,-0.339684,2.59221,-0.0171997,-0.0195003,-0.0398064,6.26089,0.0002,0,0,0,0.0002,0,0,0,0.0002
0.446789,-0.339057,2.59242,0.449275,-0.339878,2.58582,-0.0165783,-0.0197057,-0.041457,6.26725,0.0002,0,0,0,0.0002,0,0,0,0.0002
0.447286,-0.339224,2.59109,0.449273,-0.339892,2.58577,-0.0160815,-0.0198728,-0.0427882,6.26919,0.0002,0,0,0,0.0002,0,0,0,0.0002
0.447682,-0.339361,2.59002,0.449267,-0.339909,2.58572,-0.0156912,-0.0200138,-0.0438734,6.26919,0.0002,0,0,0,0.0002,0,0,0,0.0002
0.447996,-0.339473,2.58914,0.44925,-0.339922,2.58565,-0.0153887,-0.0201299,-0.0447561,6.29089,0.0002,0,0,0,0.0002,0,0,0,0.0002
0.448244,-0.339566,2.58843,0.449234,-0.339938,2.5856,-0.015141,-0.0202229,-0.0454658,6.29435,0.0002,0,0,0,0.0002,0,0,0,0.0002
0.448531,-0.338844,2.59218,0.449682,-0.335956,2.60716,-0.0148631,-0.0195211,-0.0417706,5.69147,0.0002,0,0,0,0.0002,0,0,0,0.0002
0.44877,-0.338279,2.59521,0.449727,-0.336018,2.60735,-0.0146239,-0.018956,-0.0387373,5.72266,0.0002,0,0,0,0.0002,0,0,0,0.0002
0.448963,-0.337817,2.59764,0.449732,-0.335971,2.60737,-0.0144316,-0.0184943,-0.0363057,5.71198,0.0002,0,0,0,0.0002,0,0,0,0.0002
0.449115,-0.337448,2.59959,0.449726,-0.33597,2.60739,-0.0142939,-0.0181344,-0.0343859,5.70975,0.0002,0,0,0,0.0002,0,0,0,0.0002
0.449244,-0.337153,2.60115,0.449759,-0.335973,2.60737,-0.0141651,-0.0178394,-0.0328301,5.71504,0.0002,0,0,0,0.0002,0,0,0,0.0002
0.449342,-0.336916,2.6024,0.449735,-0.335971,2.60739,-0.0140598,-0.0176155,-0.0316118,5.7055,0.0002,0,0,0,0.0002,0,0,0,0.0002
0.449541,-0.337265,2.60128,0.450335,-0.33866,2.59683,-0.0138613,-0.0179643,-0.0327262,6.8522,0.0002,0,0,0,0.0002,0,0,0,0.0002
0.449702,-0.337547,2.60038,0.450345,-0.338673,2.59678,-0.0137004,-0.0182459,-0.0336276,6.85554,0.0002,0,0,0,0.0002,0,0,0,0.0002
0.449827,-0.337773,2.59966,0.450329,-0.338679,2.59677,-0.013572,-0.0184676,-0.0343393,6.85522,0.0002,0,0,0,0.0002,0,0,0,0.0002
0.449926,-0.337951,2.59908,0.45032,-0.338661,2.59674,-0.0134734,-0.0186452,-0.0349224,6.84853,0.0002,0,0,0,0.0002,0,0,0,0.0002
0.450002,-0.3381,2.59862,0.450306,-0.338696,2.59679,-0.0134004,-0.0187933,-0.0353694,6.86191,0.0002,0,0,0,0.0002,0,0,0,0.0002
0.450035,-0.337642,2.59992,0.450166,-0.335812,2.60512,-0.0133675,-0.0183358,-0.0340701,6.25954,0.0002,0,0,0,0.0002,0,0,0,0.0002
0.450063,-0.337274,2.60096,0.450174,-0.335801,2.60513,-0.0133396,-0.0179675,-0.033028,6.25954,0.0002,0,0,0,0.0002,0,0,0,0.0002
0.450084,-0.336979,2.6018,0.45017,-0.3358,2.60513,-0.0133092,-0.0176708,-0.0321834,6.25623,0.0002,0,0,0,0.0002,0,0,0,0.0002
0.450103,-0.336741,2.60246,0.450179,-0.335787,2.60513,-0.0132901,-0.0174324,-0.0315167,6.25232,0.0002,0,0,0,0.0002,0,0,0,0.0002
0.450119,-0.336555,2.603,0.450183,-0.335811,2.60513,-0.0132406,-0.017238,-0.0308828,6.26286,0.0002,0,0,0,0.0002,0,0,0,0.0002
0.450133,-0.336401,2.60342,0.450191,-0.335784,2.60513,-0.0132263,-0.0170837,-0.030456,6.25232,0.0002,0,0,0,0.0002,0,0,0,0.0002
0.450134,-0.33631,2.60194,0.450135,-0.335945,2.59603,-0.013226,-0.0169927,-0.0319356,6.43516,0.0002,0,0,0,0.0002,0,0,0,0.0002
0.450135,-0.336238,2.60076,0.450141,-0.335953,2.59601,-0.0132187,-0.0169017,-0.0331016,6.43516,0.0002,0,0,0,0.0002,0,0,0,0.0002
0.450134,-0.336179,2.5998,0.45013,-0.335941,2.59599,-0.0132196,-0.0168423,-0.034055,6.43516,0.0002,0,0,0,0.0002,0,0,0,0.0002
0.450133,-0.336134,2.59904,0.450127,-0.335953,2.59598,-0.013211,-0.0167971,-0.0348202,6.43855,0.0002,0,0,0,0.0002,0,0,0,0.0002
0.450132,-0.336098,2.59843,0.450128,-0.335953,2.59598,-0.0132119,-0.016761,-0.0354323,6.43855,0.0002,0,0,0,0.0002,0,0,0,0.0002
0.450131,-0.336068,2.59793,0.45013,-0.335952,2.59596,-0.0132123,-0.0167319,-0.0359251,6.43516,0.0002,0,0,0,0.0002,0,0,0,0.0002
0.449859,-0.336241,2.59623,0.44877,-0.336931,2.58944,-0.0134846,-0.0169045,-0.037625,6.319,0.0002,0,0,0,0.0002,0,0,0,0.0002
0.449639,-0.33638,2.59487,0.448759,-0.336937,2.58941,-0.0137045,-0.0170437,-0.0389904,6.319,0.0002,0,0,0,0.0002,0,0,0,0.0002
0.449459,-0.336494,2.59377,0.44874,-0.336951,2.58938,-0.0138843,-0.0171578,-0.0400889,6.319,0.0002,0,0,0,0.0002,0,0,0,0.0002
0.449314,-0.336586,2.59289,0.448733,-0.336954,2.58935,-0.0140383,-0.0172562,-0.0410039,6.31556,0.0002,0,0,0,0.0002,0,0,0,0.0002
0.449193,-0.336662,2.59217,0.44871,-0.336966,2.58931,-0.0141592,-0.0173321,-0.0417188,6.31556,0.0002,0,0,0,0.0002,0,0,0,0.0002
0.449088,-0.336676,2.59362,0.448667,-0.336733,2.59941,-0.0138935,-0.0173569,-0.044341,6.47837,0.0002,0,0,0,0.0002,0,0,0,0.0002
0.449019,-0.336678,2.59485,0.448743,-0.336685,2.59978,-0.0139627,-0.0173586,-0.0431094,6.47965,0.0002,0,0,0,0.0002,0,0,0,0.0002
0.448881,-0.33663,2.59617,0.44833,-0.336437,2.60147,-0.0143477,-0.0173009,-0.0389357,6.52056,0.0002,0,0,0,0.0002,0,0,0,0.0002
0.448776,-0.336584,2.59732,0.448358,-0.336402,2.6019,-0.0144524,-0.0172553,-0.0377904,6.56046,0.0002,0,0,0,0.0002,0,0,0,0.0002
0.448759,-0.336497,2.59846,0.44869,-0.33615,2.60302,-0.0144696,-0.0171685,-0.03665,6.52101,0.0002,0,0,0,0.0002,0,0,0,0.0002
0.448755,-0.336422,2.5994,0.44874,-0.336121,2.60315,-0.014532,-0.0170697,-0.0345125,6.49222,0.0002,0,0,0,0.0002,0,0,0,0.0002
0.448635,-0.336385,2.59972,0.448151,-0.336236,2.601,-0.0146528,-0.0170325,-0.0341912,6.42518,0.0002,0,0,0,0.0002,0,0,0,0.0002
0.448542,-0.336349,2.59997,0.448171,-0.336204,2.60096,-0.0147561,-0.016989,-0.0338232,6.42485,0.0002,0,0,0,0.0002,0,0,0,0.0002
0.448469,-0.33632,2.60017,0.448177,-0.336207,2.60097,-0.0148291,-0.0169607,-0.0336221,6.42823,0.0002,0,0,0,0.0002,0,0,0,0.0002
0.44841,-0.336296,2.60033,0.448173,-0.336201,2.60097,-0.0149072,-0.0169554,-0.0334823,6.42485,0.0002,0,0,0,0.0002,0,0,0,0.0002
0.44836,-0.336278,2.60045,0.448162,-0.336205,2.60096,-0.0149567,-0.0169372,-0.0333549,6.42518,0.0002,0,0,0,0.0002,0,0,0,0.0002
0.448268,-0.336247,2.59736,0.447902,-0.336125,2.58498,-0.0150485,-0.0169066,-0.0364495,6.27787,0.0002,0,0,0,0.0002,0,0,0,0.0002
0.448201,-0.336225,2.59489,0.447931,-0.336137,2.58499,-0.015116,-0.0168844,-0.0389238,6.28791,0.0002,0,0,0,0.0002,0,0,0,0.0002
0.448143,-0.3362,2.59291,0.447912,-0.336098,2.58502,-0.0151688,-0.0168514,-0.0408679,6.2626,0.0002,0,0,0,0.0002,0,0,0,0.0002
0.448103,-0.336185,2.59133,0.447942,-0.336125,2.585,-0.0152091,-0.0168365,-0.0424498,6.28108,0.0002,0,0,0,0.0002,0,0,0,0.0002
0.448063,-0.336171,2.59007,0.447905,-0.336117,2.58503,-0.0152369,-0.0168124,-0.0436795,6.26483,0.0002,0,0,0,0.0002,0,0,0,0.0002
0.448039,-0.336163,2.58905,0.44794,-0.33613,2.58499,-0.0152616,-0.0168042,-0.0446955,6.28791,0.0002,0,0,0,0.0002,0,0,0,0.0002
0.448604,-0.336142,2.59208,0.450864,-0.336056,2.60419,-0.0146965,-0.0167828,-0.0416679,5.89471,0.0002,0,0,0,0.0002,0,0,0,0.0002
0.449068,-0.336122,2.59451,0.450927,-0.336041,2.60423,-0.0142536,-0.0167714,-0.0392585,5.89075,0.0002,0,0,0,0.0002,0,0,0,0.0002
0.449446,-0.336111,2.59646,0.450955,-0.336069,2.60427,-0.0138762,-0.0167608,-0.0373071,5.90136,0.0002,0,0,0,0.0002,0,0,0,0.0002
0.44975,-0.336104,2.59804,0.450968,-0.336076,2.60433,-0.0135975,-0.0167748,-0.0358044,5.90136,0.0002,0,0,0,0.0002,0,0,0,0.0002
0.449991,-0.336098,2.5993,0.450956,-0.336072,2.60434,-0.0133563,-0.0167684,-0.0345428,5.90558,0.0002,0,0,0,0.0002,0,0,0,0.0002
0.450189,-0.336086,2.60031,0.450981,-0.336038,2.60434,-0.0131388,-0.0167358,-0.0334438,5.89471,0.0002,0,0,0,0.0002,0,0,0,0.0002
0.449805,-0.336074,2.60017,0.448266,-0.336028,2.59961,-0.0135235,-0.0167242,-0.0335838,6.39422,0.0002,0,0,0,0.0002,0,0,0,0.0002
0.449497,-0.336064,2.60005,0.448265,-0.336025,2.5996,-0.0138314,-0.0167144,-0.0336976,6.39422,0.0002,0,0,0,0.0002,0,0,0,0.0002
0.449251,-0.336057,2.59995,0.448267,-0.336025,2.59955,-0.0140773,-0.0167066,-0.0337974,6.39422,0.0002,0,0,0,0.0002,0,0,0,0.0002
0.449052,-0.336051,2.59987,0.448257,-0.336029,2.59953,-0.014276,-0.0167011,-0.0338815,6.39422,0.0002,0,0,0,0.0002,0,0,0,0.0002
0.448892,-0.336047,2.5998,0.448251,-0.33603,2.59952,-0.0144363,-0.0166969,-0.0339503,6.39422,0.0002,0,0,0,0.0002,0,0,0,0.0002
0.448507,-0.336151,2.59888,0.446966,-0.336567,2.59522,-0.0148214,-0.0168008,-0.0348659,6.36417,0.0002,0,0,0,0.0002,0,0,0,0.0002
0.448197,-0.336232,2.59814,0.44696,-0.336559,2.59518,-0.0151307,-0.0168825,-0.0356072,6.36073,0.0002,0,0,0,0.0002,0,0,0,0.0002
0.447949,-0.336298,2.59754,0.446956,-0.336563,2.59515,-0.0153909,-0.0169591,-0.0362355,6.35728,0.0002,0,0,0,0.0002,0,0,0,0.0002
0.447749,-0.336353,2.59706,0.446949,-0.336573,2.59512,-0.015591,-0.0170139,-0.03672,6.36073,0.0002,0,0,0,0.0002,0,0,0,0.0002
0.447588,-0.336398,2.59667,0.446945,-0.336575,2.5951,-0.0157243,-0.0170329,-0.037001,6.36073,0.0002,0,0,0,0.0002,0,0,0,0.0002
0.448086,-0.336326,2.59749,0.450075,-0.336041,2.6008,-0.0152269,-0.0169615,-0.0361753,5.92671,0.0002,0,0,0,0.0002,0,0,0,0.0002
0.448482,-0.336256,2.59815,0.450068,-0.335976,2.60077,-0.0148304,-0.0168915,-0.0355209,5.90911,0.0002,0,0,0,0.0002,0,0,0,0.0002
0.448802,-0.336215,2.59869,0.450084,-0.33605,2.60084,-0.0145071,-0.0168424,-0.0349733,5.93345,0.0002,0,0,0,0.0002,0,0,0,0.0002
0.44906,-0.336166,2.59911,0.450088,-0.335972,2.60078,-0.0142499,-0.0167937,-0.0345548,5.90911,0.0002,0,0,0,0.0002,0,0,0,0.0002
0.449265,-0.33614,2.59945,0.450086,-0.336033,2.60084,-0.0140149,-0.0167529,-0.0341487,5.92671,0.0002,0,0,0,0.0002,0,0,0,0.0002
0.449432,-0.336106,2.59972,0.450101,-0.33597,2.60079,-0.0138476,-0.016719,-0.0338806,5.90911,0.0002,0,0,0,0.0002,0,0,0,0.0002
0.449284,-0.336014,2.60527,0.448689,-0.335645,2.62749,-0.0139962,-0.0166269,-0.0283264,5.87956,0.0002,0,0,0,0.0002,0,0,0,0.0002
0.449185,-0.335986,2.60979,0.448789,-0.335877,2.62786,-0.0140813,-0.0165892,-0.0237693,5.99693,0.0002,0,0,0,0.0002,0,0,0,0.0002
0.449112,-0.33594,2.61341,0.448823,-0.335755,2.62788,-0.0141536,-0.016543,-0.0201511,5.92743,0.0002,0,0,0,0.0002,0,0,0,0.0002
0.449059,-0.335909,2.61632,0.448845,-0.335786,2.62797,-0.0141924,-0.0165027,-0.0171995,5.93188,0.0002,0,0,0,0.0002,0,0,0,0.0002
0.449015,-0.335884,2.61865,0.448841,-0.335783,2.62797,-0.0142359,-0.0164775,-0.0148703,5.93188,0.0002,0,0,0,0.0002,0,0,0,0.0002
0.448985,-0.335856,2.6205,0.448864,-0.335744,2.62792,-0.0142424,-0.0164402,-0.0129663,5.92743,0.0002,0,0,0,0.0002,0,0,0,0.0002
0.449327,-0.335935,2.61531,0.450697,-0.336252,2.59453,-0.0139001,-0.0165194,-0.0181601,6.37577,0.0002,0,0,0,0.0002,0,0,0,0.0002
0.44958,-0.336036,2.61091,0.450592,-0.336437,2.59331,-0.0136472,-0.0166198,-0.0225595,6.37874,0.0002,0,0,0,0.0002,0,0,0,0.0002
0.449801,-0.336116,2.60748,0.450685,-0.336439,2.59378,-0.0134095,-0.0166939,-0.025956,6.3869,0.0002,0,0,0,0.0002,0,0,0,0.0002
0.449957,-0.336189,2.60466,0.450579,-0.33648,2.59336,-0.0132539,-0.0167666,-0.02878,6.38629,0.0002,0,0,0,0.0002,0,0,0,0.0002
0.450071,-0.336261,2.60234,0.450528,-0.336547,2.59305,-0.0131663,-0.0168573,-0.0311629,6.38347,0.0002,0,0,0,0.0002,0,0,0,0.0002
0.450194,-0.336255,2.60065,0.450687,-0.336231,2.59392,-0.013043,-0.0168513,-0.0328465,6.35545,0.0002,0,0,0,0.0002,0,0,0,0.0002
0.449473,-0.336493,2.59896,0.446586,-0.337448,2.59221,-0.0137647,-0.01709,-0.0345352,6.4494,0.0002,0,0,0,0.0002,0,0,0,0.0002
0.448878,-0.336709,2.59758,0.446498,-0.33757,2.59206,-0.0143379,-0.0172922,-0.0358565,6.47,0.0002,0,0,0,0.0002,0,0,0,0.0002
0.448389,-0.33689,2.59643,0.446434,-0.337618,2.5918,-0.0148267,-0.017474,-0.0370124,6.4757,0.0002,0,0,0,0.0002,0,0,0,0.0002
0.447994,-0.33704,2.59549,0.446413,-0.337637,2.59173,-0.0152218,-0.0176233,-0.0379527,6.47226,0.0002,0,0,0,0.0002,0,0,0,0.0002
0.447675,-0.33715,2.59471,0.446401,-0.33759,2.59158,-0.0155739,-0.0177521,-0.0388145,6.45895,0.0002,0,0,0,0.0002,0,0,0,0.0002
0.448305,-0.336849,2.59813,0.450824,-0.335644,2.61181,-0.0149442,-0.0174509,-0.0353928,5.91515,0.0002,0,0,0,0.0002,0,0,0,0.0002
0.448817,-0.336603,2.60089,0.450864,-0.33562,2.61194,-0.0144208,-0.0171902,-0.0325595,5.9118,0.0002,0,0,0,0.0002,0,0,0,0.0002
0.449223,-0.336431,2.60312,0.450849,-0.335746,2.61203,-0.0140145,-0.0170188,-0.0303313,5.9473,0.0002,0,0,0,0.0002,0,0,0,0.0002
0.449552,-0.336277,2.6049,0.450867,-0.335658,2.61202,-0.0136818,-0.0168633,-0.0285408,5.92289,0.0002,0,0,0,0.0002,0,0,0,0.0002
0.449811,-0.336168,2.60632,0.450849,-0.335733,2.61202,-0.0134224,-0.0167546,-0.0271166,5.94396,0.0002,0,0,0,0.0002,0,0,0,0.0002
0.450021,-0.33608,2.60746,0.450862,-0.335726,2.612,-0.0132123,-0.0166662,-0.0259817,5.94996,0.0002,0,0,0,0.0002,0,0,0,0.0002
0.450198,-0.336017,2.60788,0.450906,-0.335765,2.60956,-0.0130086,-0.0165861,-0.0255108,6.42943,0.0002,0,0,0,0.0002,0,0,0,0.0002
0.45034,-0.335964,2.60821,0.450906,-0.335751,2.60955,-0.0128671,-0.016533,-0.0251772,6.41953,0.0002,0,0,0,0.0002,0,0,0,0.0002
0.450453,-0.335933,2.60848,0.450905,-0.33581,2.60957,-0.0123792,-0.0165102,-0.0289565,6.43731,0.0002,0,0,0,0.0002,0,0,0,0.0002
0.450546,-0.335897,2.60869,0.450918,-0.335753,2.60954,-0.0122863,-0.0164742,-0.0287459,6.42613,0.0002,0,0,0,0.0002,0,0,0,0.0002
0.450618,-0.335869,2.60887,0.450908,-0.335755,2.60955,-0.0122139,-0.0164459,-0.0285742,6.42613,0.0002,0,0,0,0.0002,0,0,0,0.0002
0.450602,-0.335846,2.60818,0.450537,-0.335758,2.60545,-0.0121186,-0.016429,-0.0304668,6.07022,0.0002,0,0,0,0.0002,0,0,0,0.0002
0.450589,-0.335838,2.60764,0.450538,-0.335804,2.60546,-0.0121315,-0.0164206,-0.0310117,6.08378,0.0002,0,0,0,0.0002,0,0,0,0.0002
0.450579,-0.335831,2.6072,0.45054,-0.335805,2.60545,-0.0120972,-0.0164092,-0.0319199,6.08378,0.0002,0,0,0,0.0002,0,0,0,0.0002
0.450571,-0.335831,2.60685,0.450537,-0.335829,2.60546,-0.0121057,-0.0164088,-0.0322677,6.09056,0.0002,0,0,0,0.0002,0,0,0,0.0002
0.450563,-0.335831,2.60657,0.450534,-0.335828,2.60545,-0.0121131,-0.0164082,-0.0325478,6.09056,0.0002,0,0,0,0.0002,0,0,0,0.0002
0.450556,-0.335815,2.60634,0.450529,-0.335751,2.60541,-0.0125575,-0.0163647,-0.0274704,6.06683,0.0002,0,0,0,0.0002,0,0,0,0.0002
0.450774,-0.336321,2.60651,0.451645,-0.338348,2.60718,-0.0123398,-0.0168713,-0.0273021,6.93444,0.0002,0,0,0,0.0002,0,0,0,0.0002
0.45095,-0.336726,2.60664,0.451653,-0.338344,2.60715,-0.012164,-0.0172759,-0.0271732,6.93444,0.0002,0,0,0,0.0002,0,0,0,0.0002
0.45109,-0.337051,2.60674,0.451651,-0.338354,2.60716,-0.0120238,-0.0176015,-0.0270676,6.94126,0.0002,0,0,0,0.0002,0,0,0,0.0002
0.451205,-0.337313,2.60683,0.451666,-0.338358,2.60716,-0.0119399,-0.0178579,-0.0264939,6.94468,0.0002,0,0,0,0.0002,0,0,0,0.0002
0.451296,-0.337515,2.60689,0.451657,-0.338324,2.60714,-0.011842,-0.0180514,-0.0263501,6.92761,0.0002,0,0,0,0.0002,0,0,0,0.0002
0.451367,-0.337683,2.60695,0.451652,-0.338353,2.60717,-0.0117707,-0.0182191,-0.0262946,6.94126,0.0002,0,0,0,0.0002,0,0,0,0.0002
0.450258,-0.337794,2.60317,0.445822,-0.33824,2.58808,-0.0128798,-0.0183305,-0.0300686,6.16573,0.0002,0,0,0,0.0002,0,0,0,0.0002
0.449338,-0.337901,2.60003,0.445658,-0.338327,2.58749,-0.0138086,-0.0184409,-0.0332158,6.17016,0.0002,0,0,0,0.0002,0,0,0,0.0002
0.448577,-0.338003,2.59743,0.445531,-0.338413,2.58699,-0.0145699,-0.0185434,-0.035824,6.17291,0.0002,0,0,0,0.0002,0,0,0,0.0002
0.447944,-0.338116,2.59523,0.445412,-0.338568,2.58646,-0.0152048,-0.0186584,-0.0380163,6.16253,0.0002,0,0,0,0.0002,0,0,0,0.0002
0.447425,-0.33822,2.59343,0.445352,-0.338633,2.58623,-0.0157233,-0.0187618,-0.0398161,6.16524,0.0002,0,0,0,0.0002,0,0,0,0.0002
0.44761,-0.3381,2.59355,0.44835,-0.337621,2.59401,-0.0155493,-0.0186529,-0.0397204,6.41825,0.0002,0,0,0,0.0002,0,0,0,0.0002
0.44776,-0.338005,2.59366,0.448361,-0.337628,2.59408,-0.0153991,-0.0185585,-0.0396141,6.42512,0.0002,0,0,0,0.0002,0,0,0,0.0002
0.447886,-0.33793,2.59376,0.448388,-0.337628,2.59416,-0.0152735,-0.0184829,-0.0395139,6.42855,0.0002,0,0,0,0.0002,0,0,0,0.0002
0.447992,-0.337863,2.59384,0.448418,-0.337594,2.59419,-0.0152008,-0.0184417,-0.0394975,6.41825,0.0002,0,0,0,0.0002,0,0,0,0.0002
0.448083,-0.337803,2.59393,0.448446,-0.337565,2.59428,-0.01511,-0.0183822,-0.0394092,6.41481,0.0002,0,0,0,0.0002,0,0,0,0.0002
0.448153,-0.337754,2.59401,0.448435,-0.337557,2.59431,-0.0150377,-0.018337,-0.039334,6.41389,0.0002,0,0,0,0.0002,0,0,0,0.0002
0.448448,-0.337485,2.59607,0.449628,-0.33641,2.60432,-0.0147428,-0.0180681,-0.0372705,6.17254,0.0002,0,0,0,0.0002,0,0,0,0.0002
0.448711,-0.337262,2.59783,0.449764,-0.336367,2.60486,-0.0144797,-0.0178446,-0.035513,6.18247,0.0002,0,0,0,0.0002,0,0,0,0.0002
0.448932,-0.337069,2.59928,0.449815,-0.336299,2.60511,-0.0142599,-0.0176549,-0.0340655,6.169,0.0002,0,0,0,0.0002,0,0,0,0.0002
0.449052,-0.336912,2.6007,0.449531,-0.336284,2.60634,-0.0141402,-0.017498,-0.0326534,6.23587,0.0002,0,0,0,0.0002,0,0,0,0.0002
0.449161,-0.336715,2.60215,0.449597,-0.335926,2.60796,-0.0140311,-0.0172999,-0.0311915,6.27237,0.0002,0,0,0,0.0002,0,0,0,0.0002
0.449068,-0.337348,2.59882,0.448695,-0.339879,2.58551,-0.0141244,-0.0179327,-0.0345195,6.33508,0.0002,0,0,0,0.0002,0,0,0,0.0002
0.448975,-0.33788,2.59609,0.448603,-0.340011,2.58515,-0.0142172,-0.0184655,-0.0372527,6.32662,0.0002,0,0,0,0.0002,0,0,0,0.0002
0.448889,-0.33832,2.59387,0.448546,-0.340076,2.58498,-0.0142863,-0.0188913,-0.0394247,6.32641,0.0002,0,0,0,0.0002,0,0,0,0.0002
0.448804,-0.338676,2.59205,0.448464,-0.340101,2.58481,-0.0143712,-0.0192475,-0.0412361,6.32031,0.0002,0,0,0,0.0002,0,0,0,0.0002
0.448728,-0.338966,2.59059,0.448426,-0.340129,2.58472,-0.0144568,-0.0195505,-0.0427431,6.31656,0.0002,0,0,0,0.0002,0,0,0,0.0002
0.448658,-0.339204,2.58939,0.448377,-0.340152,2.58462,-0.0145271,-0.0197877,-0.0439363,6.31656,0.0002,0,0,0,0.0002,0,0,0,0.0002
0.449223,-0.338497,2.59424,0.451484,-0.33567,2.61362,-0.0139619,-0.019081,-0.0390919,6.05967,0.0002,0,0,0,0.0002,0,0,0,0.0002
0.449684,-0.337947,2.59814,0.451525,-0.335745,2.61375,-0.0135016,-0.0185307,-0.0351902,6.10117,0.0002,0,0,0,0.0002,0,0,0,0.0002
0.45006,-0.337504,2.60127,0.451565,-0.335732,2.61378,-0.0131253,-0.0180879,-0.0320631,6.09508,0.0002,0,0,0,0.0002,0,0,0,0.0002
0.450363,-0.337131,2.60375,0.451573,-0.335638,2.61367,-0.0128226,-0.0177147,-0.0295821,6.05053,0.0002,0,0,0,0.0002,0,0,0,0.0002
0.450611,-0.336833,2.60573,0.451604,-0.335643,2.61367,-0.0125586,-0.0173993,-0.0275279,6.05053,0.0002,0,0,0,0.0002,0,0,0,0.0002
0.450247,-0.33646,2.60211,0.448791,-0.334967,2.58764,-0.0129226,-0.0170261,-0.0311458,6.24603,0.0002,0,0,0,0.0002,0,0,0,0.0002
0.449954,-0.33616,2.59921,0.44878,-0.334961,2.58761,-0.0132239,-0.0167291,-0.0340563,6.23911,0.0002,0,0,0,0.0002,0,0,0,0.0002
0.449719,-0.335919,2.59689,0.448782,-0.334957,2.5876,-0.0134582,-0.0164884,-0.036378,6.23911,0.0002,0,0,0,0.0002,0,0,0,0.0002
0.449531,-0.335731,2.59503,0.448778,-0.334976,2.58759,-0.0136962,-0.0163137,-0.038309,6.24095,0.0002,0,0,0,0.0002,0,0,0,0.0002
0.449377,-0.335579,2.59354,0.448763,-0.33497,2.58758,-0.0138497,-0.0161615,-0.0397986,6.24257,0.0002,0,0,0,0.0002,0,0,0,0.0002
0.449255,-0.335459,2.59234,0.448766,-0.334981,2.58756,-0.0139719,-0.016042,-0.0409955,6.23749,0.0002,0,0,0,0.0002,0,0,0,0.0002
0.449643,-0.335577,2.59495,0.451194,-0.336049,2.60537,-0.0135793,-0.0161581,-0.0383805,5.74818,0.0002,0,0,0,0.0002,0,0,0,0.0002
0.449954,-0.335668,2.59704,0.451198,-0.336034,2.6054,-0.0132683,-0.0162495,-0.0362913,5.73852,0.0002,0,0,0,0.0002,0,0,0,0.0002
0.450204,-0.335756,2.59872,0.451204,-0.336104,2.60544,-0.0130183,-0.0163367,-0.0346117,5.76776,0.0002,0,0,0,0.0002,0,0,0,0.0002
0.450405,-0.335826,2.60007,0.451209,-0.336106,2.60546,-0.0128063,-0.016402,-0.0332441,5.76776,0.0002,0,0,0,0.0002,0,0,0,0.0002
0.450567,-0.335873,2.60114,0.451216,-0.336063,2.60545,-0.012644,-0.0164494,-0.0321668,5.74852,0.0002,0,0,0,0.0002,0,0,0,0.0002
0.450111,-0.335886,2.6002,0.448284,-0.335939,2.59645,-0.0130898,-0.016461,-0.0330854,6.3955,0.0002,0,0,0,0.0002,0,0,0,0.0002
0.449746,-0.335917,2.59946,0.448287,-0.336038,2.59646,-0.0134545,-0.0164913,-0.0338344,6.42636,0.0002,0,0,0,0.0002,0,0,0,0.0002
0.44945,-0.335921,2.59885,0.448267,-0.335938,2.59642,-0.0137502,-0.0164957,-0.0344423,6.39893,0.0002,0,0,0,0.0002,0,0,0,0.0002
0.449213,-0.335927,2.59836,0.448266,-0.335953,2.59639,-0.0140209,-0.0165183,-0.034984,6.39893,0.0002,0,0,0,0.0002,0,0,0,0.0002
0.449024,-0.335929,2.59796,0.448268,-0.335937,2.59639,-0.01421,-0.0165203,-0.0353765,6.39893,0.0002,0,0,0,0.0002,0,0,0,0.0002
0.448872,-0.335937,2.59765,0.448263,-0.335967,2.59637,-0.014393,-0.0165362,-0.0357342,6.39893,0.0002,0,0,0,0.0002,0,0,0,0.0002
0.448512,-0.336448,2.59512,0.447071,-0.338492,2.58503,-0.0147531,-0.0170473,-0.0382575,6.14787,0.0002,0,0,0,0.0002,0,0,0,0.0002
0.448218,-0.336865,2.59306,0.447043,-0.338531,2.58481,-0.0150468,-0.0174639,-0.0403206,6.14397,0.0002,0,0,0,0.0002,0,0,0,0.0002
0.447976,-0.337208,2.59138,0.447006,-0.338584,2.58466,-0.0152665,-0.017781,-0.0419197,6.1383,0.0002,0,0,0,0.0002,0,0,0,0.0002
0.447772,-0.337495,2.59001,0.446957,-0.338639,2.58454,-0.0154703,-0.0180672,-0.0432874,6.14176,0.0002,0,0,0,0.0002,0,0,0,0.0002
0.447596,-0.337722,2.58889,0.446893,-0.338633,2.58442,-0.0156362,-0.0182904,-0.0443751,6.12792,0.0002,0,0,0,0.0002,0,0,0,0.0002
0.447447,-0.337913,2.58799,0.446851,-0.338677,2.58435,-0.0157852,-0.0184813,-0.0452836,6.14157,0.0002,0,0,0,0.0002,0,0,0,0.0002
0.447505,-0.338319,2.58528,0.447738,-0.339942,2.57446,-0.0157271,-0.018887,-0.047989,6.19872,0.0002,0,0,0,0.0002,0,0,0,0.0002
0.447537,-0.338649,2.5831,0.447663,-0.339971,2.57437,-0.0156926,-0.0192098,-0.0501406,6.20839,0.0002,0,0,0,0.0002,0,0,0,0.0002
0.447558,-0.338918,2.58133,0.44764,-0.339991,2.57427,-0.015672,-0.0194781,-0.0519062,6.21161,0.0002,0,0,0,0.0002,0,0,0,0.0002
0.447571,-0.339139,2.57991,0.447624,-0.340024,2.57423,-0.0156225,-0.0196645,-0.0531868,6.20679,0.0002,0,0,0,0.0002,0,0,0,0.0002
0.447576,-0.339322,2.57877,0.447597,-0.340054,2.5742,-0.0156171,-0.0198474,-0.05433,6.19977,0.0002,0,0,0,0.0002,0,0,0,0.0002
0.446795,-0.33908,2.58326,0.443669,-0.338112,2.60121,-0.0163986,-0.0196054,-0.0498413,6.05681,0.0002,0,0,0,0.0002,0,0,0,0.0002
0.446178,-0.338875,2.5869,0.443709,-0.338056,2.60148,-0.0170346,-0.0194033,-0.0462175,6.05681,0.0002,0,0,0,0.0002,0,0,0,0.0002
0.445692,-0.338698,2.58985,0.443748,-0.337989,2.60162,-0.0175205,-0.019226,-0.0432743,6.06375,0.0002,0,0,0,0.0002,0,0,0,0.0002
0.445308,-0.338551,2.59223,0.443775,-0.337962,2.60176,-0.0178842,-0.0190656,-0.0408412,6.05556,0.0002,0,0,0,0.0002,0,0,0,0.0002
0.445012,-0.338427,2.59416,0.443825,-0.337934,2.60187,-0.0181808,-0.0189423,-0.038912,6.06598,0.0002,0,0,0,0.0002,0,0,0,0.0002
0.444779,-0.338319,2.59571,0.443849,-0.337887,2.60194,-0.0184095,-0.0188284,-0.0373457,6.06945,0.0002,0,0,0,0.0002,0,0,0,0.0002
0.446011,-0.337796,2.59911,0.45094,-0.335701,2.6127,-0.0171772,-0.0183047,-0.0339489,6.06616,0.0002,0,0,0,0.0002,0,0,0,0.0002
0.447006,-0.337376,2.60184,0.450984,-0.335697,2.61276,-0.0161827,-0.017885,-0.0312185,6.07948,0.0002,0,0,0,0.0002,0,0,0,0.0002
0.447805,-0.337035,2.60404,0.451005,-0.335673,2.61283,-0.0153691,-0.0175407,-0.029001,6.07612,0.0002,0,0,0,0.0002,0,0,0,0.0002
0.44845,-0.336763,2.60581,0.45103,-0.335675,2.61291,-0.0147241,-0.0172687,-0.0272269,6.07951,0.0002,0,0,0,0.0002,0,0,0,0.0002
0.448968,-0.336544,2.60724,0.451039,-0.335669,2.61293,-0.0141818,-0.0170211,-0.0257139,6.07612,0.0002,0,0,0,0.0002,0,0,0,0.0002
0.449381,-0.336365,2.60838,0.451034,-0.335649,2.61296,-0.0137687,-0.016842,-0.0245698,6.06595,0.0002,0,0,0,0.0002,0,0,0,0.0002
0.44939,-0.336318,2.60754,0.449425,-0.33613,2.60419,-0.0137599,-0.0167949,-0.0254088,6.46413,0.0002,0,0,0,0.0002,0,0,0,0.0002
0.449395,-0.336284,2.60687,0.449417,-0.336145,2.6042,-0.013729,-0.0167335,-0.0259866,6.47084,0.0002,0,0,0,0.0002,0,0,0,0.0002
0.449401,-0.336257,2.60634,0.449423,-0.33615,2.6042,-0.0137235,-0.0167067,-0.0265213,6.47134,0.0002,0,0,0,0.0002,0,0,0,0.0002
0.449406,-0.336235,2.60591,0.449425,-0.336149,2.60421,-0.0137186,-0.0166851,-0.0269475,6.47084,0.0002,0,0,0,0.0002,0,0,0,0.0002
0.449409,-0.336214,2.60557,0.449422,-0.336128,2.60419,-0.0137153,-0.0166638,-0.0272926,6.46463,0.0002,0,0,0,0.0002,0,0,0,0.0002
0.449367,-0.336166,2.60654,0.449198,-0.335975,2.61041,-0.0137714,-0.0166254,-0.0263736,6.37903,0.0002,0,0,0,0.0002,0,0,0,0.0002
0.449334,-0.336128,2.60732,0.449205,-0.335973,2.61045,-0.0138096,-0.0166012,-0.0256313,6.37571,0.0002,0,0,0,0.0002,0,0,0,0.0002
0.449311,-0.336098,2.60795,0.449217,-0.335981,2.61045,-0.013833,-0.016572,-0.0250041,6.37903,0.0002,0,0,0,0.0002,0,0,0,0.0002
0.449294,-0.336072,2.60845,0.449224,-0.335969,2.61047,-0.0138364,-0.0165267,-0.0244584,6.37571,0.0002,0,0,0,0.0002,0,0,0,0.0002
0.44928,-0.336052,2.60886,0.449223,-0.335968,2.61047,-0.0138505,-0.0165059,-0.0240537,6.37651,0.0002,0,0,0,0.0002,0,0,0,0.0002
0.449268,-0.336033,2.60918,0.449223,-0.33596,2.61048,-0.0138618,-0.0164876,-0.0237298,6.37984,0.0002,0,0,0,0.0002,0,0,0,0.0002
0.449149,-0.336078,2.60917,0.44867,-0.336256,2.60912,-0.0139885,-0.0165378,-0.0237609,6.32468,0.0002,0,0,0,0.0002,0,0,0,0.0002
0.449051,-0.336114,2.60916,0.448663,-0.336257,2.60912,-0.0140855,-0.0165737,-0.0237701,6.32468,0.0002,0,0,0,0.0002,0,0,0,0.0002
0.448974,-0.336143,2.60915,0.448663,-0.336259,2.60912,-0.0141632,-0.0166026,-0.0237775,6.32468,0.0002,0,0,0,0.0002,0,0,0,0.0002
0.44891,-0.336166,2.60915,0.448657,-0.33626,2.60913,-0.0142266,-0.0166261,-0.0237819,6.32805,0.0002,0,0,0,0.0002,0,0,0,0.0002
0.448862,-0.336182,2.60914,0.44867,-0.336247,2.60911,-0.0142747,-0.0166423,-0.0237887,6.32914,0.0002,0,0,0,0.0002,0,0,0,0.0002
0.448427,-0.336533,2.60531,0.446688,-0.337937,2.59001,-0.0147286,-0.017004,-0.0276348,6.23687,0.0002,0,0,0,0.0002,0,0,0,0.0002
0.448045,-0.33685,2.60208,0.446518,-0.338116,2.58915,-0.0151105,-0.0173204,-0.0308688,6.24538,0.0002,0,0,0,0.0002,0,0,0,0.0002
0.447709,-0.337141,2.59936,0.446363,-0.338307,2.5885,-0.0154718,-0.0176204,-0.0336152,6.23435,0.0002,0,0,0,0.0002,0,0,0,0.0002
0.447411,-0.3374,2.59709,0.446217,-0.338433,2.58798,-0.0157702,-0.0178788,-0.0358916,6.23756,0.0002,0,0,0,0.0002,0,0,0,0.0002
0.447143,-0.33762,2.59516,0.446073,-0.338504,2.58745,-0.0160378,-0.0180996,-0.0378202,6.2197,0.0002,0,0,0,0.0002,0,0,0,0.0002
0.446917,-0.337814,2.59357,0.446011,-0.338588,2.58722,-0.0162958,-0.0183132,-0.0394778,6.23503,0.0002,0,0,0,0.0002,0,0,0,0.0002
0.447005,-0.337546,2.59951,0.447359,-0.336475,2.62325,-0.0162073,-0.0180455,-0.0335418,5.71902,0.0002,0,0,0,0.0002,0,0,0,0.0002
0.447097,-0.337331,2.60433,0.447463,-0.336471,2.6236,-0.0161157,-0.0178304,-0.0287226,5.73664,0.0002,0,0,0,0.0002,0,0,0,0.0002
0.447185,-0.337154,2.60823,0.447539,-0.336444,2.62387,-0.0160658,-0.0176767,-0.0248948,5.71612,0.0002,0,0,0,0.0002,0,0,0,0.0002
0.447264,-0.337021,2.61139,0.447579,-0.336489,2.62401,-0.0159871,-0.0175437,-0.0217406,5.73918,0.0002,0,0,0,0.0002,0,0,0,0.0002
0.447331,-0.336911,2.61393,0.447597,-0.336475,2.6241,-0.0159374,-0.0174373,-0.0192093,5.71939,0.0002,0,0,0,0.0002,0,0,0,0.0002
0.44739,-0.336831,2.61597,0.447626,-0.336508,2.62414,-0.0158783,-0.0173567,-0.0171667,5.76686,0.0002,0,0,0,0.0002,0,0,0,0.0002
0.447897,-0.336537,2.61257,0.449926,-0.335361,2.59897,-0.0154057,-0.0170807,-0.0206469,6.42937,0.0002,0,0,0,0.0002,0,0,0,0.0002
0.448304,-0.336303,2.60985,0.449933,-0.335368,2.59896,-0.0149986,-0.016847,-0.0233702,6.43267,0.0002,0,0,0,0.0002,0,0,0,0.0002
0.44863,-0.336114,2.60767,0.449931,-0.335359,2.59896,-0.0146731,-0.0166581,-0.0255488,6.42937,0.0002,0,0,0,0.0002,0,0,0,0.0002
0.448889,-0.335965,2.60593,0.449929,-0.335367,2.59895,-0.01445,-0.0165335,-0.0273631,6.42937,0.0002,0,0,0,0.0002,0,0,0,0.0002
0.449097,-0.335844,2.60453,0.449928,-0.335363,2.59894,-0.0142423,-0.0164131,-0.0287608,6.42937,0.0002,0,0,0,0.0002,0,0,0,0.0002
0.449301,-0.335856,2.60297,0.450115,-0.335901,2.59676,-0.0140119,-0.0164042,-0.0302552,6.38093,0.0002,0,0,0,0.0002,0,0,0,0.0002
0.449464,-0.335883,2.60174,0.450115,-0.335991,2.59678,-0.0138491,-0.0164312,-0.0314933,6.40597,0.0002,0,0,0,0.0002,0,0,0,0.0002
0.449594,-0.335887,2.60074,0.450114,-0.335904,2.59674,-0.013719,-0.0164355,-0.0324926,6.38093,0.0002,0,0,0,0.0002,0,0,0,0.0002
0.449697,-0.335909,2.59994,0.450112,-0.335997,2.59675,-0.0136134,-0.0164577,-0.03328,6.40597,0.0002,0,0,0,0.0002,0,0,0,0.0002
0.449779,-0.335908,2.59929,0.450104,-0.335905,2.59672,-0.0135321,-0.0164569,-0.0339248,6.38093,0.0002,0,0,0,0.0002,0,0,0,0.0002
0.449841,-0.335906,2.59877,0.450093,-0.335896,2.59668,-0.0134692,-0.0164546,-0.0344476,6.38093,0.0002,0,0,0,0.0002,0,0,0,0.0002
0.449852,-0.336126,2.59774,0.449894,-0.337005,2.5936,-0.0134586,-0.0166745,-0.0354818,6.419,0.0002,0,0,0,0.0002,0,0,0,0.0002
0.449861,-0.336305,2.5969,0.449896,-0.33702,2.59356,-0.0134499,-0.0168534,-0.0363182,6.419,0.0002,0,0,0,0.0002,0,0,0,0.0002
0.449866,-0.336449,2.59623,0.449888,-0.337026,2.59352,-0.0134632,-0.01701,-0.0370439,6.419,0.0002,0,0,0,0.0002,0,0,0,0.0002
0.449867,-0.336566,2.59568,0.449872,-0.337033,2.59349,-0.0134621,-0.0171267,-0.0375914,6.41561,0.0002,0,0,0,0.0002,0,0,0,0.0002
0.449867,-0.336661,2.59523,0.449865,-0.337041,2.59343,-0.0135256,-0.017271,-0.0382302,6.419,0.0002,0,0,0,0.0002,0,0,0,0.0002
0.45008,-0.336872,2.59339,0.45093,-0.337718,2.58605,-0.0133129,-0.0174825,-0.0400665,6.34175,0.0002,0,0,0,0.0002,0,0,0,0.0002
0.450223,-0.337199,2.59126,0.450795,-0.338505,2.58275,-0.0131699,-0.0178091,-0.0421954,6.29933,0.0002,0,0,0,0.0002,0,0,0,0.0002
0.449976,-0.3378,2.58825,0.448989,-0.340206,2.57622,-0.0134166,-0.0184104,-0.0452052,6.38237,0.0002,0,0,0,0.0002,0,0,0,0.0002
0.449753,-0.338313,2.58576,0.44886,-0.340362,2.5758,-0.013714,-0.0189647,-0.0478461,6.39874,0.0002,0,0,0,0.0002,0,0,0,0.0002
0.449566,-0.338735,2.58374,0.44882,-0.340425,2.57565,-0.0139006,-0.0193872,-0.0498682,6.39776,0.0002,0,0,0,0.0002,0,0,0,0.0002
0.449412,-0.339081,2.58209,0.448794,-0.340464,2.5755,-0.0140996,-0.0197604,-0.0516265,6.39776,0.0002,0,0,0,0.0002,0,0,0,0.0002
0.449528,-0.338523,2.58666,0.449995,-0.33629,2.60495,-0.0139831,-0.0192022,-0.0470557,5.75699,0.0002,0,0,0,0.0002,0,0,0,0.0002
0.449654,-0.338064,2.59042,0.450159,-0.336227,2.60542,-0.0138569,-0.0187431,-0.0433039,5.76266,0.0002,0,0,0,0.0002,0,0,0,0.0002
0.449774,-0.33769,2.59345,0.45025,-0.336196,2.60561,-0.0137378,-0.0183696,-0.0402659,5.77108,0.0002,0,0,0,0.0002,0,0,0,0.0002
0.449882,-0.337388,2.59591,0.450316,-0.336182,2.60574,-0.0136293,-0.0180699,-0.0378093,5.77336,0.0002,0,0,0,0.0002,0,0,0,0.0002
0.449977,-0.337149,2.59789,0.450355,-0.336192,2.60582,-0.0135347,-0.0178306,-0.0358278,5.79014,0.0002,0,0,0,0.0002,0,0,0,0.0002
0.450474,-0.337292,2.59983,0.452465,-0.337866,2.60756,-0.0130371,-0.0179739,-0.0338939,6.90475,0.0002,0,0,0,0.0002,0,0,0,0.0002
0.450879,-0.337405,2.60138,0.452499,-0.337857,2.60762,-0.0126321,-0.0180868,-0.0323353,6.90475,0.0002,0,0,0,0.0002,0,0,0,0.0002
0.451219,-0.337485,2.60264,0.452576,-0.337806,2.60765,-0.0123204,-0.018181,-0.0311426,6.89192,0.0002,0,0,0,0.0002,0,0,0,0.0002
0.451483,-0.337557,2.60366,0.45254,-0.337842,2.60776,-0.0120561,-0.0182524,-0.0301174,6.90274,0.0002,0,0,0,0.0002,0,0,0,0.0002
0.451696,-0.337615,2.60449,0.452548,-0.337849,2.6078,-0.011843,-0.0183109,-0.02929,6.90921,0.0002,0,0,0,0.0002,0,0,0,0.0002
0.451872,-0.337647,2.60513,0.452574,-0.337774,2.6077,-0.0116982,-0.0183629,-0.0286872,6.89315,0.0002,0,0,0,0.0002,0,0,0,0.0002
0.451064,-0.337312,2.60524,0.447833,-0.335974,2.60568,-0.0125406,-0.0180427,-0.0286272,6.3832,0.0002,0,0,0,0.0002,0,0,0,0.0002
0.450418,-0.337042,2.60533,0.447833,-0.335962,2.60568,-0.0131869,-0.0177726,-0.0285392,6.37664,0.0002,0,0,0,0.0002,0,0,0,0.0002
0.449898,-0.336828,2.60541,0.44782,-0.335973,2.60571,-0.0137064,-0.0175588,-0.028463,6.38342,0.0002,0,0,0,0.0002,0,0,0,0.0002
0.449484,-0.336658,2.60547,0.447828,-0.335974,2.6057,-0.0141106,-0.0173804,-0.0283639,6.37981,0.0002,0,0,0,0.0002,0,0,0,0.0002
0.449156,-0.33652,2.60551,0.447842,-0.335968,2.60569,-0.0144786,-0.0172604,-0.0283988,6.3832,0.0002,0,0,0,0.0002,0,0,0,0.0002
0.448889,-0.336408,2.60555,0.44782,-0.33596,2.6057,-0.0147458,-0.0171484,-0.0283601,6.38003,0.0002,0,0,0,0.0002,0,0,0,0.0002
0.448921,-0.336494,2.60502,0.44905,-0.33684,2.60292,-0.0147135,-0.0172348,-0.0288853,6.28404,0.0002,0,0,0,0.0002,0,0,0,0.0002
0.448951,-0.336566,2.60459,0.449073,-0.336853,2.60287,-0.014683,-0.0173067,-0.029316,6.28332,0.0002,0,0,0,0.0002,0,0,0,0.0002
0.448971,-0.336631,2.60425,0.449051,-0.336892,2.6029,-0.0146977,-0.0174027,-0.0297351,6.31902,0.0002,0,0,0,0.0002,0,0,0,0.0002
0.44899,-0.336675,2.60398,0.449067,-0.336848,2.60288,-0.0146786,-0.0174462,-0.0300107,6.28332,0.0002,0,0,0,0.0002,0,0,0,0.0002
0.449006,-0.336708,2.60376,0.449067,-0.33684,2.60288,-0.0146782,-0.017486,-0.03025,6.28332,0.0002,0,0,0,0.0002,0,0,0,0.0002
0.448348,-0.337163,2.5984,0.445719,-0.338983,2.57696,-0.0153355,-0.017941,-0.03561,6.11967,0.0002,0,0,0,0.0002,0,0,0,0.0002
0.44781,-0.33755,2.59405,0.445658,-0.339101,2.57667,-0.0158736,-0.0183286,-0.0399551,6.11559,0.0002,0,0,0,0.0002,0,0,0,0.0002
0.447368,-0.337872,2.59054,0.4456,-0.339157,2.57648,-0.0163405,-0.0186653,-0.0435104,6.10941,0.0002,0,0,0,0.0002,0,0,0,0.0002
0.447,-0.338142,2.58768,0.445527,-0.339224,2.57624,-0.0167088,-0.0189357,-0.046371,6.10703,0.0002,0,0,0,0.0002,0,0,0,0.0002
0.446693,-0.338374,2.58536,0.445464,-0.339301,2.5761,-0.0170159,-0.0191674,-0.0486876,6.10356,0.0002,0,0,0,0.0002,0,0,0,0.0002
0.446442,-0.338563,2.58349,0.445441,-0.339318,2.576,-0.0172663,-0.0193563,-0.0505593,6.11515,0.0002,0,0,0,0.0002,0,0,0,0.0002
0.446891,-0.338063,2.58597,0.448684,-0.336063,2.59587,-0.0168208,-0.0188667,-0.0481237,5.7478,0.0002,0,0,0,0.0002,0,0,0,0.0002
0.447271,-0.337688,2.58804,0.448791,-0.336191,2.59633,-0.0164479,-0.0184955,-0.0460511,5.81568,0.0002,0,0,0,0.0002,0,0,0,0.0002
0.44758,-0.337328,2.58965,0.448817,-0.335888,2.59612,-0.0161386,-0.0181355,-0.044435,5.71078,0.0002,0,0,0,0.0002,0,0,0,0.0002
0.447825,-0.337041,2.59095,0.448805,-0.335893,2.59613,-0.0158887,-0.0178455,-0.0431298,5.70743,0.0002,0,0,0,0.0002,0,0,0,0.0002
0.448019,-0.336868,2.59203,0.448796,-0.336175,2.59633,-0.0156945,-0.0176722,-0.0420544,5.81301,0.0002,0,0,0,0.0002,0,0,0,0.0002
