EKF_x,EKF_y,EKF_theta,PM_x,PM_y,PM_theta,errorEKF_x,errorEKF_y,errorEKF_theta,errorPM,EKFCovXX,EKFCovXY,EKFCovXTheta,EKFCovYX,EKFCovYY,EKFCovYTheta,EKFCovThetaX,EKFCovThetaY,EKFCovThetaTheta,counter
-0.659791,-0.384907,1.57371,-0.659791,-0.384907,1.57371,0.00171181,0.00980719,0.0230376,0.639502,0.000999999,0,0,0,0.000999999,0,0,0,0.000999999,22
-0.659624,-0.385116,1.57415,-0.659466,-0.385314,1.57458,0.00183206,0.00959192,0.0235051,0.640985,0.000512195,0,0,0,0.000512195,0,0,0,0.000512195,22
-0.659541,-0.385219,1.57437,-0.659393,-0.385401,1.57476,0.00191541,0.00948908,0.0237231,0.639028,0.000359875,0,0,0,0.000359875,0,0,0,0.000359875,22
-0.659503,-0.385286,1.5745,-0.659409,-0.385451,1.57481,0.0019206,0.00944843,0.0238508,0.639028,0.000290717,0,0,0,0.000290717,0,0,0,0.000290717,22
-0.659323,-0.385581,1.5727,-0.658798,-0.386448,1.56741,0.00209978,0.00915325,0.0220487,0.707461,0.000254131,0,0,0,0.000254131,0,0,0,0.000254131,23
-0.659211,-0.385774,1.57144,-0.65884,-0.386406,1.56731,0.00219199,0.00899699,0.0207627,0.696823,0.000233206,0,0,0,0.000233206,0,0,0,0.000233206,23
-0.659136,-0.385904,1.57052,-0.658873,-0.386365,1.56727,0.00226647,0.00886655,0.019843,0.687604,0.000220702,0,0,0,0.000220702,0,0,0,0.000220702,23
-0.659081,-0.386,1.56983,-0.658878,-0.386355,1.56726,0.0023214,0.00877043,0.0191469,0.698242,0.000213033,0,0,0,0.000213033,0,0,0,0.000213033,23
-0.659037,-0.386066,1.56928,-0.658868,-0.386317,1.56719,0.00235019,0.00872446,0.0185688,0.687604,0.000208255,0,0,0,0.000208255,0,0,0,0.000208255,23
-0.659116,-0.386135,1.56984,-0.659424,-0.386399,1.57203,0.00227067,0.00865619,0.0191329,0.974646,0.000205249,0,0,0,0.000205249,0,0,0,0.000205249,20
-0.65917,-0.386204,1.57033,-0.659378,-0.386477,1.57223,0.00221753,0.00858665,0.0196188,0.974646,0.000203345,0,0,0,0.000203345,0,0,0,0.000203345,20
-0.659209,-0.386279,1.57073,-0.659363,-0.386573,1.57229,0.00217707,0.00851603,0.0200355,0.974646,0.000202135,0,0,0,0.000202135,0,0,0,0.000202135,20
-0.659235,-0.386344,1.57105,-0.659341,-0.386601,1.57233,0.00215052,0.00845121,0.0203591,0.966589,0.000201364,0,0,0,0.000201364,0,0,0,0.000201364,20
-0.659233,-0.386379,1.57142,-0.659329,-0.386625,1.57236,0.00214593,0.00841395,0.0207269,0.966589,0.000200872,-7.62824e-14,-3.42044e-09,-7.62824e-14,0.000200872,3.41783e-09,-3.42044e-09,3.41783e-09,0.000200872,20
-0.659228,-0.386407,1.57172,-0.659316,-0.386627,1.57241,0.00215055,0.0083854,0.0210295,0.977227,0.000200558,-2.16509e-13,-5.60206e-09,-2.16509e-13,0.000200558,5.59527e-09,-5.60206e-09,5.59527e-09,0.000200558,20
-0.659003,-0.386649,1.57177,-0.658531,-0.387825,1.56991,0.00237534,0.00814389,0.0210812,1.20101,0.000200357,-1.21258e-12,-1.04214e-08,-1.21258e-12,0.000200357,1.72073e-08,-1.04214e-08,1.72073e-08,0.000200357,16
-0.658865,-0.386845,1.57161,-0.658527,-0.38784,1.56992,0.00244104,0.0079569,0.0209373,1.21154,0.000200228,-1.77763e-12,-1.34894e-08,-1.77763e-12,0.000200228,1.7813e-08,-1.34894e-08,1.7813e-08,0.000200228,16
-0.658799,-0.387043,1.57127,-0.658532,-0.387834,1.56993,0.00250783,0.00775886,0.0206013,1.20101,0.000200146,-1.01431e-12,-8.63003e-09,-1.01431e-12,0.000200146,1.13962e-08,-8.63003e-09,1.13962e-08,0.000200146,16
-0.658725,-0.387222,1.57111,-0.658539,-0.38783,1.56994,0.00251998,0.00759005,0.0204484,1.2111,0.000200093,-4.83274e-13,-2.11891e-09,-4.83274e-13,0.000200093,1.0699e-08,-2.11891e-09,1.0699e-08,0.000200093,16
-0.658618,-0.387376,1.57121,-0.658508,-0.387885,1.57008,0.00262726,0.00743612,0.0205529,1.2111,0.00020006,-8.26036e-15,2.04143e-09,-8.26036e-15,0.00020006,1.70621e-08,2.04143e-09,1.70621e-08,0.00020006,16
-0.659896,-0.386363,1.57219,-0.665112,-0.382206,1.57559,0.00134953,0.00844909,0.0215312,3.8313,0.000200038,3.25823e-13,4.70861e-09,3.25823e-13,0.000200038,1.43247e-08,4.70861e-09,1.43247e-08,0.000200038,21
-0.660961,-0.385498,1.57282,-0.665219,-0.382043,1.57534,0.000280552,0.00931318,0.0221717,3.80139,0.000200025,1.73983e-13,3.01333e-09,1.73983e-13,0.000200025,9.16722e-09,3.01333e-09,9.16722e-09,0.000200025,21
-0.661786,-0.384801,1.57339,-0.665192,-0.381905,1.57515,-0.000544392,0.0100107,0.0227404,3.85774,0.000200016,3.47132e-13,5.32479e-09,3.47132e-13,0.000200016,9.27779e-09,5.32479e-09,9.27779e-09,0.000200016,21
-0.66248,-0.384204,1.57372,-0.665258,-0.381814,1.57506,-0.001222,0.0105861,0.023085,3.85655,0.00020001,1.96866e-13,3.40778e-09,1.96866e-13,0.00020001,5.93764e-09,3.40778e-09,5.93764e-09,0.00020001,21
-0.663035,-0.383709,1.57397,-0.665253,-0.38173,1.57496,-0.00177654,0.0110808,0.0233317,3.8587,0.000200006,1.15632e-13,2.18094e-09,1.15632e-13,0.000200006,3.80003e-09,2.18094e-09,3.80003e-09,0.000200006,21
-0.663461,-0.38328,1.57426,-0.665272,-0.381672,1.57491,-0.0022088,0.0115074,0.023622,3.84829,0.000200004,-2.96783e-14,-2.0189e-09,-2.96783e-14,0.000200004,5.82419e-09,-2.0189e-09,5.82419e-09,0.000200004,21
-0.662815,-0.383574,1.57455,-0.660336,-0.384856,1.5752,-0.0015627,0.0112137,0.023914,1.26412,0.000200003,-2.01291e-13,-4.70774e-09,-2.01291e-13,0.000200003,7.11864e-09,-4.70774e-09,7.11864e-09,0.000200003,20
-0.662249,-0.383857,1.57493,-0.660198,-0.384993,1.5754,-0.000996889,0.0109301,0.0242899,1.25391,0.000200002,-2.48291e-13,-3.04028e-09,-2.48291e-13,0.000200002,1.13627e-08,-3.04028e-09,1.13627e-08,0.000200002,20
-0.661716,-0.384103,1.57559,-0.660117,-0.385193,1.57566,-0.000511767,0.0106665,0.0249827,1.26433,0.000200001,-9.13376e-13,-5.43049e-09,-9.13376e-13,0.000200001,2.42727e-08,-5.43049e-09,2.42727e-08,0.000200001,20
-0.661163,-0.384399,1.57651,-0.660013,-0.385378,1.57603,4.18989e-05,0.01037,0.0258989,1.2559,0.000200001,8.57093e-13,3.13272e-09,8.57093e-13,0.000200001,4.96077e-08,3.13272e-09,4.96077e-08,0.000200001,20
-0.660685,-0.384602,1.57738,-0.659942,-0.385526,1.57622,0.00051998,0.0101673,0.0267729,1.26631,0.0002,-7.00299e-13,-1.65583e-09,-7.00299e-13,0.0002,6.9162e-08,-1.65583e-09,6.9162e-08,0.0002,20
-0.660296,-0.384735,1.57832,-0.659909,-0.385594,1.57637,0.00107521,0.00982861,0.0256788,1.26631,0.0002,-6.27852e-12,-1.15694e-08,-6.27852e-12,0.0002,8.1618e-08,-1.15694e-08,8.1618e-08,0.0002,20
-0.659888,-0.385051,1.57868,-0.659636,-0.386426,1.57443,0.00148355,0.00951329,0.0260402,1.56363,0.0002,-8.08766e-12,-1.12035e-08,-8.08766e-12,0.0002,9.64474e-08,-1.12035e-08,9.64474e-08,0.0002,22
-0.659581,-0.385247,1.57888,-0.659629,-0.386464,1.5745,0.00176321,0.00897272,0.0216995,1.57405,0.0002,-1.59422e-11,-2.1158e-08,-1.59422e-11,0.0002,1.0244e-07,-2.1158e-08,1.0244e-07,0.0002,22
-0.659225,-0.385394,1.57936,-0.659607,-0.386525,1.57455,0.00211902,0.00882555,0.0221801,1.57405,0.0002,-2.84398e-11,-3.11223e-08,-2.84398e-11,0.0002,1.23251e-07,-3.11223e-08,1.23251e-07,0.0002,22
-0.658891,-0.385483,1.57975,-0.65957,-0.386598,1.57457,0.00245328,0.00873625,0.0225673,1.58544,0.0002,-4.76831e-11,-4.44032e-08,-4.76831e-11,0.0002,1.43297e-07,-4.44032e-08,1.43297e-07,0.0002,22
-0.658534,-0.385481,1.5803,-0.659542,-0.386655,1.57474,0.00234063,0.00866871,0.0193284,1.57503,0.0002,-8.43889e-11,-6.67057e-08,-8.43889e-11,0.0002,1.69576e-07,-6.67057e-08,1.69576e-07,0.0002,22
-0.657825,-0.385125,1.58268,-0.657428,-0.384686,1.58549,0.00304903,0.00902426,0.0217119,0.737191,0.0002,-1.086e-10,-7.41956e-08,-1.086e-10,0.0002,1.86459e-07,-7.41956e-08,1.86459e-07,0.0002,25
-0.657152,-0.384846,1.58506,-0.657316,-0.384933,1.58577,0.00302299,0.00898264,0.0205786,0.747608,0.0002,-1.44436e-10,-8.6213e-08,-1.44436e-10,0.0002,2.10689e-07,-8.6213e-08,2.10689e-07,0.0002,25
-0.656533,-0.38462,1.58711,-0.657227,-0.385037,1.58598,0.00364267,0.00920843,0.0226264,0.742927,0.0002,-1.85796e-10,-9.77052e-08,-1.85796e-10,0.0002,2.36251e-07,-9.77052e-08,2.36251e-07,0.0002,25
-0.655923,-0.384469,1.58879,-0.657081,-0.385198,1.58621,0.00425227,0.00935888,0.0243106,0.742927,0.0002,-2.29338e-10,-1.05522e-07,-2.29338e-10,0.000200001,2.66134e-07,-1.05522e-07,2.66134e-07,0.0002,25
-0.655392,-0.38436,1.58956,-0.657077,-0.385261,1.58641,0.00327782,0.00906844,0.0206264,0.761274,0.0002,-2.69177e-10,-1.10761e-07,-2.69177e-10,0.000200001,2.92026e-07,-1.10761e-07,2.92026e-07,0.0002,26
-0.654763,-0.384438,1.58968,-0.657025,-0.385363,1.58654,0.00390671,0.0089907,0.0207476,0.75758,0.0002,-2.71429e-10,-9.09124e-08,-2.71429e-10,0.000200001,3.39685e-07,-9.09124e-08,3.39685e-07,0.0002,26
-0.653589,-0.384524,1.59078,-0.653987,-0.385393,1.59211,0.00354677,0.00850548,0.0252749,1.46347,0.0002,-2.62166e-10,-7.50058e-08,-2.62166e-10,0.000200001,3.80461e-07,-7.50058e-08,3.80461e-07,0.0002,21
-0.652496,-0.384574,1.59163,-0.653957,-0.385636,1.59245,0.00463969,0.00845575,0.0261252,1.49183,0.0002,-2.90116e-10,-7.56846e-08,-2.90116e-10,0.000200002,4.30149e-07,-7.56846e-08,4.30149e-07,0.0002,21
-0.651567,-0.384659,1.59255,-0.6539,-0.385657,1.5926,0.00334969,0.00722961,0.0173921,1.53813,0.0002,-2.95865e-10,-6.96688e-08,-2.95865e-10,0.000200002,4.68872e-07,-6.96688e-08,4.68872e-07,0.000199999,22
-0.650672,-0.384848,1.59335,-0.653789,-0.385859,1.59293,0.00424449,0.00703978,0.0181918,1.52031,0.0002,-2.63214e-10,-5.28488e-08,-2.63214e-10,0.000200002,5.14357e-07,-5.28488e-08,5.14357e-07,0.000199999,22
-0.649848,-0.385084,1.59409,-0.653681,-0.38608,1.59343,0.00506798,0.00680387,0.0189314,1.50479,0.0002,-2.12275e-10,-3.57699e-08,-2.12275e-10,0.000200003,5.57231e-07,-3.57699e-08,5.57231e-07,0.000199999,21
-0.647691,-0.385062,1.59607,-0.646828,-0.384851,1.60038,0.00332064,0.00643686,0.0133144,1.13041,0.0002,-1.46339e-10,-1.86974e-08,-1.46339e-10,0.000200003,6.05247e-07,-1.86974e-08,6.05247e-07,0.000199999,23
-0.645917,-0.385205,1.59723,-0.646714,-0.385138,1.60081,0.00509395,0.00629419,0.0144694,1.11528,0.0002,-2.04051e-11,8.82109e-09,-2.04051e-11,0.000200003,6.39818e-07,8.82109e-09,6.39818e-07,0.000199999,23
-0.64453,-0.385355,1.5982,-0.646661,-0.38532,1.60104,0.00275025,0.00623617,0.0153379,1.12518,0.0002,8.20569e-11,2.63229e-08,8.20569e-11,0.000200004,6.55164e-07,2.63229e-08,6.55164e-07,0.000199999,23
-0.643453,-0.385368,1.5988,-0.646591,-0.385419,1.60122,0.00382776,0.00622364,0.0159422,1.13579,0.0002,7.12312e-11,1.71237e-08,7.12312e-11,0.000200004,6.57635e-07,1.71237e-08,6.57635e-07,0.000199999,23
-0.642564,-0.38538,1.59922,-0.646559,-0.385544,1.60141,0.00471679,0.0062112,0.0163592,1.13339,0.0002,4.2709e-11,7.62604e-09,4.2709e-11,0.000200004,6.62524e-07,7.62604e-09,6.62524e-07,0.000199999,23
-0.639622,-0.385648,1.59682,-0.635715,-0.387117,1.58722,0.00586928,0.006449,0.0193479,0.948962,0.0002,-2.90923e-11,-9.08055e-09,-2.90923e-11,0.000200004,6.75567e-07,-9.08055e-09,6.75567e-07,0.000199999,18
-0.637243,-0.385805,1.5948,-0.63569,-0.387136,1.58726,0.0082479,0.00629281,0.0173327,0.948962,0.0002,-1.31694e-10,-2.94309e-08,-1.31694e-10,0.000200004,6.87086e-07,-2.94309e-08,6.87086e-07,0.000199998,18
-0.635296,-0.385932,1.593,-0.635683,-0.387146,1.58733,0.00553998,0.00597941,0.0125964,0.949472,0.0002,-2.13045e-10,-4.20364e-08,-2.13045e-10,0.000200004,7.01316e-07,-4.20364e-08,7.01316e-07,0.000199998,17
-0.633689,-0.385963,1.59178,-0.635644,-0.387209,1.58745,0.00714656,0.00594873,0.0113818,0.949472,0.0002,-3.40593e-10,-6.34594e-08,-3.40593e-10,0.000200005,7.16964e-07,-6.34594e-08,7.16964e-07,0.000199998,17
-0.632432,-0.3861,1.59065,-0.635581,-0.387337,1.58766,0.00840384,0.00581192,0.0102467,0.957585,0.0002,-3.70387e-10,-6.30242e-08,-3.70387e-10,0.000200005,7.20506e-07,-6.30242e-08,7.20506e-07,0.000199998,17
-0.631369,-0.386312,1.59011,-0.635405,-0.387529,1.58797,0.00409207,0.00542838,0.0113305,0.945316,0.0002,-3.41575e-10,-5.24098e-08,-3.41575e-10,0.000200005,7.26396e-07,-5.24098e-08,7.26396e-07,0.000199998,17
-0.628924,-0.38561,1.59038,-0.626696,-0.382845,1.59094,0.00653697,0.00613012,0.0116019,0.839311,0.0002,-2.58315e-10,-3.48373e-08,-2.58315e-10,0.000200005,7.06549e-07,-3.48373e-08,7.06549e-07,0.000199998,16
-0.626979,-0.385131,1.59053,-0.626653,-0.382937,1.59112,0.00416764,0.00655449,0.0101313,0.839311,0.0002,-1.47065e-10,-1.33506e-08,-1.47065e-10,0.000200005,6.90645e-07,-1.33506e-08,6.90645e-07,0.000199998,16
-0.625372,-0.384765,1.59089,-0.626607,-0.38303,1.59128,0.00577509,0.00692025,0.0104893,0.839311,0.0002,-6.38603e-11,1.67511e-10,-6.38603e-11,0.000200004,6.87275e-07,1.67511e-10,6.87275e-07,0.000199998,16
-0.623919,-0.384551,1.5911,-0.626523,-0.38312,1.59144,0.00722792,0.00713444,0.0107048,0.826051,0.0002,4.48065e-11,1.84892e-08,4.48065e-11,0.000200005,7.09145e-07,1.84892e-08,7.09145e-07,0.000199998,16
-0.622746,-0.384382,1.59142,-0.62636,-0.383236,1.59165,0.00436978,0.00737069,0.0110526,0.846254,0.0002,1.13244e-10,2.67895e-08,1.13244e-10,0.000200005,7.19676e-07,2.67895e-08,7.19676e-07,0.000199998,16
-0.620356,-0.384088,1.59154,-0.618447,-0.383284,1.59201,0.0067598,0.00766484,0.0111713,1.48277,0.0002,3.52522e-11,5.28611e-09,3.52522e-11,0.000200005,7.05439e-07,5.28611e-09,7.05439e-07,0.000199998,19
-0.618353,-0.38382,1.59125,-0.618413,-0.383345,1.59214,0.00351435,0.00751259,0.0173775,1.48277,0.0002,-6.13821e-11,-1.5459e-08,-6.13821e-11,0.000200005,7.09805e-07,-1.5459e-08,7.09805e-07,0.000199998,19
-0.616665,-0.383603,1.59102,-0.618413,-0.383339,1.59218,0.00520182,0.00772962,0.0171498,1.46878,0.0002,-1.42053e-10,-2.89313e-08,-1.42053e-10,0.000200005,7.26215e-07,-2.89313e-08,7.26215e-07,0.000199998,18
-0.615286,-0.383389,1.59076,-0.618368,-0.383459,1.59231,0.00658088,0.0079436,0.0168911,1.49708,0.0002,-2.55455e-10,-4.77311e-08,-2.55455e-10,0.000200005,7.39927e-07,-4.77311e-08,7.39927e-07,0.000199998,18
-0.614153,-0.383344,1.59069,-0.618336,-0.383559,1.59246,0.00324587,0.00751103,0.0146865,1.48765,0.0002,-2.61719e-10,-4.278e-08,-2.61719e-10,0.000200005,7.5244e-07,-4.278e-08,7.5244e-07,0.000199998,18
-0.613193,-0.383449,1.59044,-0.618295,-0.383632,1.59257,0.00420553,0.0074058,0.0144422,1.51595,0.0002,-1.61379e-10,-1.9232e-08,-1.61379e-10,0.000200005,7.67648e-07,-1.9232e-08,7.67648e-07,0.000199998,18
-0.610232,-0.383392,1.59053,-0.60723,-0.382392,1.59244,0.00220886,0.00700534,0.0198229,1.24475,0.0002,9.39244e-12,1.28766e-08,9.39244e-12,0.000200005,7.74307e-07,1.28766e-08,7.74307e-07,0.000199998,20
-0.607772,-0.383451,1.59097,-0.607102,-0.382597,1.59271,0.00466886,0.00694704,0.0202588,1.2555,0.0002,1.98289e-10,4.3297e-08,1.98289e-10,0.000200006,7.8899e-07,4.3297e-08,7.8899e-07,0.000199998,20
-0.605838,-0.383547,1.59146,-0.606959,-0.382737,1.59291,0.00660234,0.00685034,0.0207511,1.24589,0.0002,3.60099e-10,6.621e-08,3.60099e-10,0.000200006,7.88268e-07,6.621e-08,7.88268e-07,0.000199998,20
-0.604394,-0.383629,1.59182,-0.606936,-0.382859,1.59323,0.00523335,0.00713284,0.0170153,1.23572,0.0002,4.56561e-10,7.77204e-08,4.56561e-10,0.000200006,7.70736e-07,7.77204e-08,7.70736e-07,0.000199998,19
-0.60314,-0.383635,1.59213,-0.606861,-0.382996,1.59341,0.00648743,0.00712729,0.0173342,1.24524,0.0002,4.61105e-10,7.10962e-08,4.61105e-10,0.000200006,7.72853e-07,7.10962e-08,7.72853e-07,0.000199998,19
-0.602147,-0.383596,1.59233,-0.606802,-0.383101,1.59363,0.00747987,0.00716572,0.0175292,1.24582,0.0002,4.0585e-10,5.66681e-08,4.0585e-10,0.000200006,7.70592e-07,5.66681e-08,7.70592e-07,0.000199998,19
-0.599257,-0.383805,1.59261,-0.596533,-0.384312,1.5953,0.0050322,0.00727743,0.0202816,1.99696,0.0002,3.60908e-10,4.73079e-08,3.60908e-10,0.000200006,7.7595e-07,4.73079e-08,7.7595e-07,0.000199998,22
-0.596899,-0.383924,1.59265,-0.596514,-0.384289,1.59541,0.0073899,0.00715897,0.0203239,1.96921,0.0002,2.90764e-10,3.43614e-08,2.90764e-10,0.000200006,7.8604e-07,3.43614e-08,7.8604e-07,0.000199998,21
-0.594998,-0.384085,1.59294,-0.596445,-0.38441,1.59564,0.00363487,0.00746756,0.0225993,1.97847,0.0002,2.70244e-10,3.27937e-08,2.70244e-10,0.000200006,7.92645e-07,3.27937e-08,7.92645e-07,0.000199998,21
-0.593424,-0.384367,1.59343,-0.596406,-0.38454,1.59592,0.0052089,0.00718607,0.0230925,2.01426,0.0002,3.63652e-10,5.18981e-08,3.63652e-10,0.000200006,8.04133e-07,5.18981e-08,8.04133e-07,0.000199998,21
-0.592091,-0.384554,1.59418,-0.59635,-0.384679,1.59614,0.00654172,0.00699872,0.0238406,2.01426,0.0002,3.87193e-10,5.34221e-08,3.87193e-10,0.000200006,8.21485e-07,5.34221e-08,8.21485e-07,0.000199998,21
-0.588643,-0.384936,1.59488,-0.584452,-0.385433,1.59871,0.0051012,0.00664819,0.0233091,1.7642,0.0002,4.78712e-10,6.79364e-08,4.78712e-10,0.000200006,8.3291e-07,6.79364e-08,8.3291e-07,0.000199998,21
-0.585907,-0.385318,1.59529,-0.584353,-0.3856,1.59903,0.00783807,0.00626674,0.0237252,1.77002,0.0002,5.8513e-10,8.40556e-08,5.8513e-10,0.000200006,8.33591e-07,8.40556e-08,8.33591e-07,0.000199998,21
-0.583814,-0.385608,1.59535,-0.584303,-0.385623,1.59922,0.00430622,0.00581912,0.0205648,1.78889,0.0002,6.40078e-10,9.13625e-08,6.40078e-10,0.000200006,8.16937e-07,9.13625e-08,8.16937e-07,0.000199998,21
-0.582276,-0.385882,1.59555,-0.584246,-0.385708,1.59944,0.00584363,0.00554497,0.0207618,1.78889,0.0002,6.84128e-10,9.99542e-08,6.84128e-10,0.000200006,7.8255e-07,9.99542e-08,7.8255e-07,0.000199998,21
-0.580993,-0.386058,1.59579,-0.584181,-0.385926,1.59984,0.00167772,0.00555323,0.0254183,1.78498,0.0002,6.48771e-10,9.16291e-08,6.48771e-10,0.000200006,7.67029e-07,9.16291e-08,7.67029e-07,0.000199998,21
-0.579937,-0.386147,1.5959,-0.584135,-0.385985,1.59995,0.00273334,0.00546491,0.0255265,1.78426,0.0002,5.69408e-10,7.59835e-08,5.69408e-10,0.000200006,7.60255e-07,7.59835e-08,7.60255e-07,0.000199998,21
-0.576787,-0.386124,1.59094,-0.572915,-0.385534,1.57422,0.00588338,0.00548769,0.0205711,1.22099,0.0002,4.92541e-10,6.22557e-08,4.92541e-10,0.000200006,7.66049e-07,6.22557e-08,7.66049e-07,0.000199998,17
-0.574237,-0.386064,1.58711,-0.572976,-0.385299,1.57386,0.00420013,0.00625343,0.0153117,1.20527,0.0002,4.41094e-10,5.46489e-08,4.41094e-10,0.000200006,7.76495e-07,5.46489e-08,7.76495e-07,0.000199998,15
-0.572177,-0.386071,1.58434,-0.572988,-0.385241,1.57377,0.00626006,0.00624572,0.0125401,1.2147,0.0002,4.61018e-10,6.0919e-08,4.61018e-10,0.000200006,7.86695e-07,6.0919e-08,7.86695e-07,0.000199998,15
-0.570411,-0.386067,1.58233,-0.573032,-0.385179,1.57377,0.00244412,0.00593653,0.0144807,1.16022,0.0002,4.90769e-10,6.53807e-08,4.90769e-10,0.000200006,8.13575e-07,6.53807e-08,8.13575e-07,0.000199998,15
-0.568967,-0.386187,1.58084,-0.572989,-0.385254,1.57384,0.00388796,0.00581647,0.0129896,1.20527,0.0002,6.13633e-10,8.57944e-08,6.13633e-10,0.000200006,8.34332e-07,8.57944e-08,8.34332e-07,0.000199998,15
-0.56567,-0.386302,1.57919,-0.561856,-0.385121,1.57257,0.00718446,0.00570125,0.0113369,0.917911,0.0002,7.45739e-10,1.06351e-07,7.45739e-10,0.000200006,8.33994e-07,1.06351e-07,8.33994e-07,0.000199998,16
-0.563041,-0.386387,1.57778,-0.561785,-0.385182,1.57266,0.00715077,0.00631348,0.0122699,0.88272,0.0002,8.29115e-10,1.16667e-07,8.29115e-10,0.000200006,8.30254e-07,1.16667e-07,8.30254e-07,0.000199998,14
-0.560911,-0.386323,1.57656,-0.561753,-0.385261,1.57273,0.00928085,0.00637751,0.0110549,0.891895,0.0002,7.65375e-10,9.98782e-08,7.65375e-10,0.000200006,8.31029e-07,9.98782e-08,8.31029e-07,0.000199998,14
-0.559292,-0.386279,1.57593,-0.561645,-0.385393,1.57287,0.00548478,0.00718723,0.0115702,0.867418,0.0002,6.84323e-10,8.60786e-08,6.84323e-10,0.000200006,8.14467e-07,8.60786e-08,8.14467e-07,0.000199998,14
-0.557971,-0.386235,1.5759,-0.561518,-0.385561,1.57321,0.00680535,0.00723078,0.0115436,0.902354,0.0002,5.85378e-10,7.04734e-08,5.85378e-10,0.000200006,8.03826e-07,7.04734e-08,8.03826e-07,0.000199998,14
-0.556828,-0.386161,1.57602,-0.561403,-0.385685,1.57339,0.00794822,0.00730501,0.011663,0.887657,0.0002,4.59212e-10,5.01872e-08,4.59212e-10,0.000200006,8.07167e-07,5.01872e-08,8.07167e-07,0.000199998,14
-0.55374,-0.385939,1.57643,-0.550965,-0.384251,1.57702,0.00494134,0.00820698,0.0108613,0.681052,0.0002,4.75728e-10,5.76657e-08,4.75728e-10,0.000200006,8.23029e-07,5.76657e-08,8.23029e-07,0.000199998,20
-0.551188,-0.385796,1.57684,-0.550767,-0.384435,1.57745,0.00749394,0.00834927,0.0112727,0.670253,0.0002,4.9595e-10,6.22867e-08,4.9595e-10,0.000200006,8.39996e-07,6.22867e-08,8.39996e-07,0.000199998,20
-0.549119,-0.385765,1.57707,-0.550636,-0.38464,1.57798,0.00956246,0.00838056,0.0115018,0.651731,0.0002,5.52052e-10,7.20029e-08,5.52052e-10,0.000200007,8.50901e-07,7.20029e-08,8.50901e-07,0.000199998,20
-0.547466,-0.385838,1.57723,-0.55054,-0.384812,1.57838,0.00620901,0.00840527,0.00484984,0.642116,0.0002,6.5312e-10,8.84206e-08,6.5312e-10,0.000200007,8.54542e-07,8.84206e-08,8.54542e-07,0.000199998,20
-0.546124,-0.385847,1.57722,-0.550442,-0.384998,1.57873,0.0075508,0.00839587,0.00484019,0.668099,0.0002,6.56084e-10,8.53461e-08,6.56084e-10,0.000200007,8.56785e-07,8.53461e-08,8.56785e-07,0.000199997,20
-0.542906,-0.385886,1.57574,-0.539289,-0.385124,1.57139,0.00507115,0.00954469,0.000294907,0.838568,0.0002,6.4852e-10,8.34635e-08,6.4852e-10,0.000200007,8.44608e-07,8.34635e-08,8.44608e-07,0.000199997,20
-0.540465,-0.385958,1.5745,-0.539213,-0.385207,1.57157,0.00751216,0.00947326,-0.000953532,0.828953,0.0002,6.49587e-10,8.6243e-08,6.49587e-10,0.000200006,8.1296e-07,8.6243e-08,8.1296e-07,0.000199998,20
-0.538565,-0.385958,1.57341,-0.539158,-0.385235,1.57166,0.0031347,0.00930306,0.00396314,0.828953,0.0002,5.93002e-10,7.82184e-08,5.93002e-10,0.000200006,7.8242e-07,7.82184e-08,7.8242e-07,0.000199998,20
-0.537058,-0.385908,1.57289,-0.539111,-0.385297,1.57185,0.00464225,0.00935333,0.00344337,0.809722,0.0002,4.97975e-10,6.30629e-08,4.97975e-10,0.000200006,7.59431e-07,6.30629e-08,7.59431e-07,0.000199998,20
-0.535761,-0.385884,1.57273,-0.539083,-0.385381,1.57209,0.00593894,0.0093765,0.00328262,0.811534,0.0002,4.3121e-10,5.34024e-08,4.3121e-10,0.000200006,7.58328e-07,5.34024e-08,7.58328e-07,0.000199998,19
-0.53464,-0.385867,1.57276,-0.538985,-0.385492,1.57234,0.0028241,0.00973133,0.00128832,0.802011,0.0002,3.67108e-10,4.38039e-08,3.67108e-10,0.000200006,7.67825e-07,4.38039e-08,7.67825e-07,0.000199998,19
-0.531359,-0.385952,1.57242,-0.528021,-0.385871,1.56899,0.00610491,0.00964569,0.000948564,0.950818,0.0002,3.43116e-10,4.08713e-08,3.43116e-10,0.000200006,8.04545e-07,4.08713e-08,8.04545e-07,0.000199998,25
-0.528774,-0.385949,1.57194,-0.528006,-0.385938,1.569,0.00366523,0.00972288,0.00204202,0.951054,0.0002,2.52232e-10,2.55813e-08,2.52232e-10,0.000200006,8.21205e-07,2.55813e-08,8.21205e-07,0.000199998,25
-0.526721,-0.385859,1.57149,-0.527972,-0.386026,1.56915,0.00571875,0.00981357,0.00158638,0.956512,0.0002,8.85985e-11,-1.03094e-09,8.85985e-11,0.000200006,8.28443e-07,-1.03094e-09,8.28443e-07,0.000199998,25
-0.524955,-0.38577,1.5717,-0.527889,-0.386263,1.56944,0.0074846,0.00990195,0.00179871,0.93045,0.0002,-9.8751e-11,-2.83556e-08,-9.8751e-11,0.000200007,8.50073e-07,-2.83556e-08,8.50073e-07,0.000199998,25
-0.523535,-0.385862,1.57246,-0.527747,-0.386542,1.56982,0.0062265,0.00930025,0.00095173,0.911708,0.0002,-1.50366e-10,-2.90935e-08,-1.50366e-10,0.000200007,8.60528e-07,-2.90935e-08,8.60528e-07,0.000199998,24
-0.520154,-0.386116,1.57417,-0.516201,-0.38694,1.5748,0.00960773,0.009046,0.00266074,1.05106,0.0002,-8.81052e-11,-1.27987e-08,-8.81052e-11,0.000200007,8.57054e-07,-1.27987e-08,8.57054e-07,0.000199998,25
-0.517379,-0.386382,1.57647,-0.516064,-0.387258,1.57533,0.00630352,0.00869901,0.00478099,1.04507,0.0002,-3.96704e-11,-3.25128e-09,-3.96704e-11,0.000200007,8.61652e-07,-3.25128e-09,8.61652e-07,0.000199997,25
-0.515232,-0.386721,1.57951,-0.515796,-0.387685,1.57614,0.00844993,0.00836,0.00781843,1.01412,0.0002,3.19726e-11,8.73505e-09,3.19726e-11,0.000200007,8.44257e-07,8.73505e-09,8.44257e-07,0.000199997,25
-0.513439,-0.387188,1.58278,-0.515528,-0.387936,1.5767,0.010243,0.0078928,0.0110861,1.02423,0.0002,2.11206e-10,3.90269e-08,2.11206e-10,0.000200007,8.36889e-07,3.90269e-08,8.36889e-07,0.000199998,25
-0.512046,-0.387582,1.58552,-0.515308,-0.388267,1.57735,0.00637402,0.00663599,0.0106495,1.07309,0.0002,3.03904e-10,5.08668e-08,3.03904e-10,0.000200006,8.18556e-07,5.08668e-08,8.18556e-07,0.000199998,25
-0.510895,-0.387907,1.58815,-0.515019,-0.388646,1.57799,0.0075247,0.0063111,0.0132826,1.06487,0.0002,3.11231e-10,4.74178e-08,3.11231e-10,0.000200006,8.03297e-07,4.74178e-08,8.03297e-07,0.000199998,25
-0.507624,-0.388139,1.59263,-0.503585,-0.388671,1.5883,0.0107961,0.00607905,0.0177625,0.572685,0.0002,2.92121e-10,4.07297e-08,2.92121e-10,0.000200006,8.03704e-07,4.07297e-08,8.03704e-07,0.000199998,19
-0.504891,-0.38843,1.5964,-0.503219,-0.389229,1.58924,0.00889615,0.00585864,0.0158047,0.603697,0.0002,2.68257e-10,3.49654e-08,2.68257e-10,0.000200006,8.10813e-07,3.49654e-08,8.10813e-07,0.000199998,19
-0.502451,-0.388867,1.59965,-0.50282,-0.389656,1.59038,0.0113359,0.00542169,0.0190495,0.603697,0.0002,3.56103e-10,4.97195e-08,3.56103e-10,0.000200007,8.43243e-07,4.97195e-08,8.43243e-07,0.000199998,19
-0.500429,-0.389391,1.60243,-0.502483,-0.390124,1.59132,0.00799052,0.00470273,0.0128137,0.620698,0.0002,5.00632e-10,7.17148e-08,5.00632e-10,0.000200007,8.64553e-07,7.17148e-08,8.64553e-07,0.000199998,19
-0.498873,-0.389925,1.60464,-0.50216,-0.390487,1.59225,0.00954651,0.00416884,0.0150209,0.630902,0.0002,6.43076e-10,9.25273e-08,6.43076e-10,0.000200007,8.58137e-07,9.25273e-08,8.58137e-07,0.000199997,19
-0.496233,-0.389829,1.61236,-0.494759,-0.388419,1.62199,0.00679841,0.00550995,0.0100355,1.13731,0.0002,6.65213e-10,9.21042e-08,6.65213e-10,0.000200007,8.39997e-07,9.21042e-08,8.39997e-07,0.000199998,22
-0.493929,-0.389787,1.61924,-0.494324,-0.388974,1.62297,0.00910212,0.00555202,0.0169201,1.13499,0.0002,6.12969e-10,7.83942e-08,6.12969e-10,0.000200007,8.45165e-07,7.83942e-08,8.45165e-07,0.000199998,22
-0.491951,-0.389802,1.62542,-0.493961,-0.389375,1.62375,0.0110807,0.00553715,0.0231015,1.17894,0.0002,5.37201e-10,6.33429e-08,5.37201e-10,0.000200007,8.58617e-07,6.33429e-08,8.58617e-07,0.000199997,22
-0.49028,-0.3899,1.6313,-0.493624,-0.389951,1.62481,0.00741131,0.00554522,0.0197231,1.1386,0.0002,4.43121e-10,4.785e-08,4.43121e-10,0.000200007,8.70497e-07,4.785e-08,8.70497e-07,0.000199997,22
-0.488864,-0.390229,1.63621,-0.493277,-0.390396,1.62584,0.00882738,0.00521578,0.0246344,1.1668,0.0002,5.15345e-10,6.32103e-08,5.15345e-10,0.000200007,8.79988e-07,6.32103e-08,8.79988e-07,0.000199997,22
-0.487713,-0.390688,1.6399,-0.493018,-0.390755,1.62671,0.00372259,0.00547143,0.00699188,1.1509,0.0002,6.86447e-10,9.24808e-08,6.86447e-10,0.000200007,8.8089e-07,9.24808e-08,8.8089e-07,0.000199997,22
-0.484797,-0.391002,1.64926,-0.482183,-0.391017,1.65876,0.00663874,0.0051572,0.0163537,1.08012,0.0002,7.30545e-10,9.85378e-08,7.30545e-10,0.000200007,8.53475e-07,9.85378e-08,8.53475e-07,0.000199997,15
-0.4825,-0.391167,1.65705,-0.481764,-0.391547,1.65974,0.00893574,0.00499175,0.0241422,1.01559,0.0002,5.76825e-10,7.05995e-08,5.76825e-10,0.000200006,8.16718e-07,7.05995e-08,8.16718e-07,0.000199997,15
-0.480473,-0.391521,1.66347,-0.481185,-0.392189,1.66121,0.0078546,0.00513311,0.0274029,1.03781,0.0002,5.36699e-10,6.66393e-08,5.36699e-10,0.000200006,8.04993e-07,6.66393e-08,8.04993e-07,0.000199998,15
-0.47856,-0.391972,1.66902,-0.480825,-0.392743,1.66224,0.00976766,0.00468151,0.0329511,0.996187,0.0002,5.67368e-10,7.23691e-08,5.67368e-10,0.000200006,8.32848e-07,7.23691e-08,8.32848e-07,0.000199998,15
-0.476924,-0.392441,1.67339,-0.480414,-0.39322,1.66345,0.00679828,0.00456881,0.0107523,1.04063,0.0002,6.04449e-10,7.74242e-08,6.04449e-10,0.000200007,8.54565e-07,7.74242e-08,8.54565e-07,0.000199998,15
-0.475434,-0.393049,1.67664,-0.479863,-0.394136,1.66479,0.00828834,0.00396039,0.0139986,1.03824,0.0002,6.86135e-10,8.85026e-08,6.86135e-10,0.000200007,8.79836e-07,8.85026e-08,8.79836e-07,0.000199997,16
-0.472855,-0.392807,1.68492,-0.471822,-0.391164,1.69422,0.0108667,0.00420223,0.0222772,1.41679,0.0002,6.30756e-10,7.81022e-08,6.30756e-10,0.000200007,8.60025e-07,7.81022e-08,8.60025e-07,0.000199997,17
-0.470693,-0.392779,1.69242,-0.471372,-0.392577,1.69603,0.00725957,0.00507315,0.0174899,1.33031,0.0002,4.75585e-10,5.14922e-08,4.75585e-10,0.000200007,8.48855e-07,5.14922e-08,8.48855e-07,0.000199997,18
-0.468781,-0.392871,1.69879,-0.471116,-0.393058,1.69686,0.00917213,0.00498083,0.0238645,1.36058,0.0002,3.69933e-10,3.62797e-08,3.69933e-10,0.000200007,8.62833e-07,3.62797e-08,8.62833e-07,0.000199997,18
-0.467098,-0.39305,1.7046,-0.470682,-0.393552,1.6978,0.0108551,0.00480242,0.0296691,1.39101,0.0002,2.88837e-10,2.62927e-08,2.88837e-10,0.000200007,8.8237e-07,2.62927e-08,8.8237e-07,0.000199997,19
-0.465698,-0.39327,1.70889,-0.470323,-0.393859,1.69865,0.00736638,0.005446,0.021114,1.39101,0.0002,2.39662e-10,2.2045e-08,2.39662e-10,0.000200007,8.91993e-07,2.2045e-08,8.91993e-07,0.000199997,19
-0.462243,-0.393359,1.71674,-0.458232,-0.393502,1.72278,0.0108208,0.00535668,0.0289625,1.23428,0.0002,2.06865e-10,2.00497e-08,2.06865e-10,0.000200007,8.84697e-07,2.00497e-08,8.84697e-07,0.000199997,19
-0.459313,-0.393414,1.72262,-0.457939,-0.394193,1.7239,0.00766599,0.00579972,0.0169834,1.25867,0.0002,3.60954e-11,-6.71492e-09,3.60954e-11,0.000200007,8.97165e-07,-6.71492e-09,8.97165e-07,0.000199997,19
-0.45707,-0.393586,1.72683,-0.45763,-0.394538,1.72453,0.00990945,0.00562739,0.0211934,1.27087,0.0002,-4.16498e-11,-1.45633e-08,-4.16498e-11,0.000200007,8.7921e-07,-1.45633e-08,8.7921e-07,0.000199997,19
-0.455175,-0.393835,1.72888,-0.457371,-0.394946,1.72518,0.00542817,0.0050557,0.00703305,1.20004,0.0002,-6.99964e-11,-1.46748e-08,-6.99964e-11,0.000200007,8.75491e-07,-1.46748e-08,8.75491e-07,0.000199997,19
-0.453666,-0.393934,1.7297,-0.457186,-0.395187,1.72574,0.00693684,0.00495633,0.00785211,1.22443,0.0002,-2.19639e-10,-3.80006e-08,-2.19639e-10,0.000200007,8.65954e-07,-3.80006e-08,8.65954e-07,0.000199997,19
-0.452505,-0.394027,1.72946,-0.457083,-0.395318,1.72592,0.00809776,0.00486346,0.00761193,1.22443,0.0002,-3.39349e-10,-5.45615e-08,-3.39349e-10,0.000200007,8.49239e-07,-5.45615e-08,8.49239e-07,0.000199997,19
-0.450951,-0.393999,1.73329,-0.454458,-0.395094,1.74863,0.00473421,0.00500386,-0.00435576,4.66609,0.0002,-4.6692e-10,-7.09478e-08,-4.6692e-10,0.000200007,8.54833e-07,-7.09478e-08,8.54833e-07,0.000199997,17
-0.449679,-0.393884,1.73632,-0.454324,-0.395198,1.74896,0.00600676,0.00511849,-0.0013268,4.64424,0.0002,-6.68012e-10,-9.99305e-08,-6.68012e-10,0.000200007,8.58886e-07,-9.99305e-08,8.58886e-07,0.000199997,17
-0.448668,-0.393906,1.73817,-0.454216,-0.395332,1.74918,0.00134277,0.0045902,-0.00557985,4.60369,0.0002,-7.41278e-10,-1.04637e-07,-7.41278e-10,0.000200007,8.56872e-07,-1.04637e-07,8.56872e-07,0.000199997,17
-0.447816,-0.393933,1.74002,-0.454086,-0.395514,1.74947,0.00219453,0.00456275,-0.00373469,4.60369,0.0002,-8.19794e-10,-1.12257e-07,-8.19794e-10,0.000200007,8.58282e-07,-1.12257e-07,8.58282e-07,0.000199997,17
-0.446968,-0.394056,1.74176,-0.453952,-0.395715,1.74978,0.00304262,0.00444054,-0.00198894,4.63088,0.0002,-8.39969e-10,-1.07799e-07,-8.39969e-10,0.000200007,8.81507e-07,-1.07799e-07,8.81507e-07,0.000199997,17
-0.44269,-0.393573,1.74194,-0.436203,-0.39262,1.74265,0.00461899,0.00434841,-0.000150319,1.23346,0.0002,-8.27235e-10,-1.00063e-07,-8.27235e-10,0.000200007,9.04163e-07,-1.00063e-07,9.04163e-07,0.000199997,19
-0.439295,-0.393229,1.74233,-0.436128,-0.392792,1.74288,0.00801434,0.00469258,0.000244903,1.21759,0.0002,-8.03072e-10,-9.40997e-08,-8.03072e-10,0.000200008,9.11942e-07,-9.40997e-08,9.11942e-07,0.000199997,19
-0.436694,-0.392974,1.74253,-0.43604,-0.393,1.74329,0.00412318,0.00346204,0.00456634,1.23346,0.0002,-7.89216e-10,-9.35497e-08,-7.89216e-10,0.000200007,8.95634e-07,-9.35497e-08,8.95634e-07,0.000199997,19
-0.434589,-0.392735,1.74299,-0.435845,-0.393243,1.74383,0.00622831,0.00370163,0.00503412,1.22042,0.0002,-8.55473e-10,-1.06751e-07,-8.55473e-10,0.000200007,8.82853e-07,-1.06751e-07,8.82853e-07,0.000199997,19
-0.43284,-0.392596,1.74312,-0.435642,-0.393428,1.74414,0.00797739,0.0038402,0.00515965,1.22042,0.0002,-8.94315e-10,-1.12454e-07,-8.94315e-10,0.000200007,8.78605e-07,-1.12454e-07,8.78605e-07,0.000199997,19
-0.431532,-0.392435,1.74283,-0.435608,-0.393528,1.74426,0.00410849,0.0035863,-0.00084074,1.20455,0.0002,-9.7348e-10,-1.27068e-07,-9.7348e-10,0.000200007,8.60165e-07,-1.27068e-07,8.60165e-07,0.000199997,19
-0.428392,-0.391818,1.74213,-0.425353,-0.391103,1.7409,0.00724803,0.00420377,-0.00153732,1.52962,0.0002,-1.04526e-09,-1.37574e-07,-1.04526e-09,0.000200007,8.55072e-07,-1.37574e-07,8.55072e-07,0.000199997,17
-0.42585,-0.391389,1.74127,-0.425357,-0.391128,1.74093,0.00365621,0.00314191,-0.00074959,1.52962,0.0002,-1.04885e-09,-1.34484e-07,-1.04885e-09,0.000200007,8.5696e-07,-1.34484e-07,8.5696e-07,0.000199997,17
-0.423768,-0.391073,1.74072,-0.425242,-0.391177,1.74108,0.00573803,0.00345743,-0.0013046,1.51195,0.0002,-1.03516e-09,-1.295e-07,-1.03516e-09,0.000200007,8.62132e-07,-1.295e-07,8.62132e-07,0.000199997,17
-0.422037,-0.391015,1.74061,-0.425184,-0.391221,1.7412,0.00746854,0.00351506,-0.00141458,1.51958,0.0002,-8.59525e-10,-9.66421e-08,-8.59525e-10,0.000200007,8.73976e-07,-9.66421e-08,8.73976e-07,0.000199997,16
-0.420551,-0.391075,1.74065,-0.425078,-0.391277,1.74133,0.00318312,0.00275036,0.000517087,1.51958,0.0002,-6.35377e-10,-6.05713e-08,-6.35377e-10,0.000200007,8.94492e-07,-6.05713e-08,8.94492e-07,0.000199997,16
-0.416824,-0.390966,1.74054,-0.411882,-0.3903,1.74115,0.00691033,0.00285937,0.00041192,1.56316,0.0002,-4.15959e-10,-3.12302e-08,-4.15959e-10,0.000200007,8.91424e-07,-3.12302e-08,8.91424e-07,0.000199997,22
-0.413954,-0.390705,1.74035,-0.411986,-0.389566,1.74059,0.00425175,0.00212059,0.00200548,1.66069,0.0002,-2.73765e-10,-1.68314e-08,-2.73765e-10,0.000200007,8.74894e-07,-1.68314e-08,8.74894e-07,0.000199997,21
-0.411584,-0.390455,1.74011,-0.411879,-0.389731,1.74074,0.00662134,0.00237018,0.0017741,1.66069,0.0002,-2.38617e-10,-1.93002e-08,-2.38617e-10,0.000200007,8.72658e-07,-1.93002e-08,8.72658e-07,0.000199997,21
-0.409564,-0.390214,1.73976,-0.411851,-0.389839,1.74095,0.00864119,0.00261174,0.00142478,1.66069,0.0002,-2.79137e-10,-3.0865e-08,-2.79137e-10,0.000200007,8.90219e-07,-3.0865e-08,8.90219e-07,0.000199997,21
-0.407945,-0.390007,1.73954,-0.411798,-0.389983,1.74123,0.00403533,0.00219318,0.00428973,1.66069,0.0002,-3.55782e-10,-4.4861e-08,-3.55782e-10,0.000200007,9.00324e-07,-4.4861e-08,9.00324e-07,0.000199997,21
-0.406724,-0.389588,1.73931,-0.411926,-0.388878,1.73994,0.00525619,0.00261233,0.00406046,1.75531,0.0002,-4.48873e-10,-5.93995e-08,-4.48873e-10,0.000200007,8.9894e-07,-5.93995e-08,8.9894e-07,0.000199997,20
-0.403263,-0.389301,1.74005,-0.399732,-0.388411,1.74299,0.00230759,0.00212481,0.0035364,1.53397,0.0002,-3.8878e-10,-4.58403e-08,-3.8878e-10,0.000200008,9.05399e-07,-4.58403e-08,9.05399e-07,0.000199997,19
-0.40044,-0.388972,1.74067,-0.399992,-0.387362,1.74212,0.00513015,0.00245312,0.00415937,1.67986,0.0002,-2.35529e-10,-1.96599e-08,-2.35529e-10,0.000200008,9.26388e-07,-1.96599e-08,9.26388e-07,0.000199997,18
-0.398207,-0.388691,1.74117,-0.4001,-0.386729,1.74161,0.00736352,0.0027342,0.00465963,3.39141,0.0002,-5.03214e-12,1.41816e-08,-5.03214e-12,0.000200008,9.39357e-07,1.41816e-08,9.39357e-07,0.000199997,17
-0.396489,-0.388468,1.74163,-0.399992,-0.386879,1.74191,0.00595656,0.0027949,0.00485988,3.36982,0.0002,1.45648e-10,3.12723e-08,1.45648e-10,0.000200008,9.33098e-07,3.12723e-08,9.33098e-07,0.000199997,17
-0.395179,-0.388201,1.74173,-0.399904,-0.386913,1.74212,0.00726717,0.00306175,0.00496023,3.38475,0.0002,1.6309e-10,2.71532e-08,1.6309e-10,0.000200008,9.1614e-07,2.71532e-08,9.1614e-07,0.000199997,17
-0.391594,-0.38859,1.74263,-0.387258,-0.389734,1.74622,0.00466671,0.00314466,0.00113636,1.58519,0.0002,2.10326e-10,3.11924e-08,2.10326e-10,0.000200008,9.06446e-07,3.11924e-08,9.06446e-07,0.000199997,22
-0.388611,-0.389041,1.74331,-0.387089,-0.389973,1.74658,0.00764983,0.00269336,0.00182286,1.55489,0.0002,3.35119e-10,4.85539e-08,3.35119e-10,0.000200008,9.13219e-07,4.85539e-08,9.13219e-07,0.000199997,22
-0.3863,-0.38895,1.74382,-0.387717,-0.387531,1.74431,0.00995994,0.00278441,0.00233409,2.50282,0.0002,4.66135e-10,6.47983e-08,4.66135e-10,0.000200008,9.25464e-07,6.47983e-08,9.25464e-07,0.000199997,20
-0.384293,-0.389044,1.74419,-0.387571,-0.387726,1.74463,0.00607447,0.00197678,0.00657264,2.50282,0.0002,7.05046e-10,9.55967e-08,7.05046e-10,0.000200008,9.54183e-07,9.55967e-08,9.54183e-07,0.000199997,20
-0.382724,-0.389105,1.74412,-0.387514,-0.387838,1.74487,0.00764294,0.00191528,0.00650163,2.50872,0.0002,8.5464e-10,1.09829e-07,8.5464e-10,0.000200009,9.64676e-07,1.09829e-07,9.64676e-07,0.000199997,20
-0.381575,-0.389237,1.74368,-0.387452,-0.387935,1.74502,0.00137361,0.00212288,0.00614083,2.50872,0.0002,1.01646e-09,1.29358e-07,1.01646e-09,0.000200008,9.52416e-07,1.29358e-07,9.52416e-07,0.000199997,20
-0.377487,-0.390805,1.74078,-0.371281,-0.395791,1.73435,0.00546171,0.000554477,0.00323552,0.508475,0.0002,1.01181e-09,1.23219e-07,1.01181e-09,0.000200008,9.34319e-07,1.23219e-07,9.34319e-07,0.000199997,18
-0.37438,-0.392151,1.738,-0.371172,-0.39597,1.7347,0.00856866,-0.000791488,0.00046386,0.508475,0.0002,1.03466e-09,1.28922e-07,1.03466e-09,0.000200008,8.92963e-07,1.28922e-07,8.92963e-07,0.000199997,18
-0.371827,-0.393481,1.73612,-0.37097,-0.396384,1.73533,0.00447847,-0.00113542,-0.00338037,0.474576,0.0002,1.20915e-09,1.60168e-07,1.20915e-09,0.000200007,8.70855e-07,1.60168e-07,8.70855e-07,0.000199997,18
-0.369627,-0.394714,1.73533,-0.370515,-0.397171,1.73631,0.00667839,-0.00236855,-0.00417344,0.423729,0.0002,1.3646e-09,1.82223e-07,1.3646e-09,0.000200007,8.67239e-07,1.82223e-07,8.67239e-07,0.000199997,18
-0.367745,-0.395747,1.73561,-0.370027,-0.397312,1.73727,0.00380021,-0.00219454,0.00141954,0.45,0.0002,1.50291e-09,1.99104e-07,1.50291e-09,0.000200007,8.68848e-07,1.99104e-07,8.68848e-07,0.000199997,17
-0.366015,-0.396742,1.73647,-0.369238,-0.398109,1.73888,0.00553035,-0.0031894,0.00227763,0.416667,0.0002,1.62978e-09,2.11376e-07,1.62978e-09,0.000200007,8.80564e-07,2.11376e-07,8.80564e-07,0.000199997,17
-0.362918,-0.398116,1.73659,-0.359839,-0.400874,1.74019,0.00862717,-0.00456338,0.00239927,0.896552,0.0002,1.71203e-09,2.23757e-07,1.71203e-09,0.000200007,8.61189e-07,2.23757e-07,8.61189e-07,0.000199997,16
-0.360267,-0.399276,1.73699,-0.359408,-0.401791,1.7412,0.00571065,-0.00437102,0.0022924,0.85231,0.0002,1.67958e-09,2.12023e-07,1.67958e-09,0.000200007,8.628e-07,2.12023e-07,8.628e-07,0.000199997,16
-0.357908,-0.400285,1.73784,-0.358779,-0.402736,1.7428,0.00806939,-0.00538063,0.00314053,0.774901,0.0002,1.57461e-09,1.8751e-07,1.57461e-09,0.000200007,8.81769e-07,1.8751e-07,8.81769e-07,0.000199997,16
-0.355892,-0.401312,1.73907,-0.358134,-0.403842,1.74451,0.0045979,-0.00537771,0.00909773,0.716276,0.0002,1.48455e-09,1.71457e-07,1.48455e-09,0.000200007,8.93966e-07,1.71457e-07,8.93966e-07,0.000199997,16
-0.35405,-0.402185,1.74112,-0.357389,-0.404938,1.74624,0.00643984,-0.00625126,0.0111486,0.591036,0.0002,1.26475e-09,1.34134e-07,1.26475e-09,0.000200008,9.14647e-07,1.34134e-07,9.14647e-07,0.000199997,16
-0.351255,-0.402812,1.7443,-0.350664,-0.404702,1.75239,0.00923455,-0.00687761,0.0143323,2.59163,0.0002,1.06349e-09,1.06638e-07,1.06349e-09,0.000200008,9.24007e-07,1.06638e-07,9.24007e-07,0.000199997,13
-0.34891,-0.403256,1.74655,-0.350423,-0.405145,1.75299,0.00848722,-0.0069772,0.0209652,2.57507,0.0002,7.70384e-10,6.56688e-08,7.70384e-10,0.000200008,9.3992e-07,6.56688e-08,9.3992e-07,0.000199997,13
-0.346964,-0.403642,1.74772,-0.350161,-0.40544,1.75344,0.0104328,-0.00736296,0.0221322,2.57149,0.0002,5.14601e-10,3.50336e-08,5.14601e-10,0.000200008,9.52857e-07,3.50336e-08,9.52857e-07,0.000199997,13
-0.345392,-0.403971,1.74888,-0.349922,-0.405847,1.75405,0.00664452,-0.00688818,0.0158521,2.56019,0.0002,2.57148e-10,5.51959e-09,2.57148e-10,0.000200008,9.55982e-07,5.51959e-09,9.55982e-07,0.000199997,13
-0.344263,-0.404334,1.74949,-0.349726,-0.406205,1.75454,0.00777367,-0.00725098,0.0164635,2.5572,0.0002,9.39996e-11,-8.78579e-09,9.39996e-11,0.000200008,9.31172e-07,-8.78579e-09,9.31172e-07,0.000199997,13
-0.343301,-0.404698,1.74997,-0.349559,-0.406495,1.75501,0.00873498,-0.00761519,0.0169445,2.56432,0.0002,-6.24815e-12,-1.53478e-08,-6.24815e-12,0.000200008,9.19239e-07,-1.53478e-08,9.19239e-07,0.000199997,13
-0.3406,-0.403557,1.748,-0.33965,-0.399457,1.7432,0.00430394,-0.00718366,0.0169724,3.79685,0.0002,-1.08265e-10,-2.51936e-08,-1.08265e-10,0.000200008,9.03692e-07,-2.51936e-08,9.03692e-07,0.000199997,9
-0.338446,-0.402712,1.74673,-0.339641,-0.399446,1.7432,0.00645738,-0.00633808,0.0157042,3.79685,0.0002,-1.15564e-10,-2.03459e-08,-1.15564e-10,0.000200008,8.92211e-07,-2.03459e-08,8.92211e-07,0.000199997,9
-0.336641,-0.402135,1.74625,-0.339636,-0.399465,1.74324,0.0017643,-0.00581063,0.0129254,3.79685,0.0002,-2.81561e-11,-2.08489e-09,-2.81561e-11,0.000200008,8.97901e-07,-2.08489e-09,8.97901e-07,0.000199997,9
-0.335165,-0.401587,1.74608,-0.339609,-0.399488,1.74333,0.00324084,-0.00526309,0.012759,3.8229,0.0002,-4.1262e-11,-4.91735e-09,-4.1262e-11,0.000200008,9.05858e-07,-4.91735e-09,9.05858e-07,0.000199997,9
-0.334081,-0.401079,1.74533,-0.339603,-0.399487,1.74334,-0.00059472,-0.00441424,0.0138464,3.8229,0.0002,-1.14683e-10,-1.74527e-08,-1.14683e-10,0.000200008,8.95179e-07,-1.74527e-08,8.95179e-07,0.000199997,9
-0.330899,-0.39984,1.74305,-0.328091,-0.396153,1.73495,0.00258764,-0.00317454,0.0115687,2.99785,0.0002,-3.34435e-10,-5.32323e-08,-3.34435e-10,0.000200007,8.90337e-07,-5.32323e-08,8.90337e-07,0.000199997,10
-0.328334,-0.398827,1.74133,-0.328086,-0.396158,1.73496,0.0051525,-0.00216184,0.0098508,3.01035,0.0002,-5.26092e-10,-7.93851e-08,-5.26092e-10,0.000200007,8.90098e-07,-7.93851e-08,8.90098e-07,0.000199997,10
-0.326186,-0.398048,1.74018,-0.328066,-0.396168,1.73505,0.00125518,-0.00236692,0.0144797,3.0008,0.0002,-6.52338e-10,-9.12596e-08,-6.52338e-10,0.000200008,9.04583e-07,-9.12596e-08,9.04583e-07,0.000199997,10
-0.324491,-0.397529,1.73948,-0.328043,-0.396222,1.73514,0.00295038,-0.00184741,0.0137835,3.01035,0.0002,-6.54642e-10,-8.39926e-08,-6.54642e-10,0.000200008,9.0948e-07,-8.39926e-08,9.0948e-07,0.000199997,10
-0.323145,-0.397294,1.73894,-0.328027,-0.396245,1.7352,0.00429619,-0.00161216,0.0132381,3.02285,0.0002,-4.80024e-10,-5.11279e-08,-4.80024e-10,0.000200008,9.10503e-07,-5.11279e-08,9.10503e-07,0.000199997,10
-0.32205,-0.397085,1.7382,-0.328021,-0.396265,1.73522,-0.000837623,-0.00156505,0.0146561,3.02285,0.0002,-3.60451e-10,-3.37128e-08,-3.60451e-10,0.000200008,9.13941e-07,-3.37128e-08,9.13941e-07,0.000199997,10
-0.31963,-0.395992,1.73518,-0.319671,-0.391477,1.72412,0.00158278,-0.00047232,0.0116392,6.61566,0.0002,-2.42864e-10,-1.88386e-08,-2.42864e-10,0.000200008,8.96008e-07,-1.88386e-08,8.96008e-07,0.000199997,1
-0.31775,-0.395043,1.73276,-0.319673,-0.391472,1.7241,-0.00206985,0.000997715,0.00773131,6.63549,0.0002,-2.20356e-10,-2.0699e-08,-2.20356e-10,0.000200007,8.75581e-07,-2.0699e-08,8.75581e-07,0.000199997,1
-0.316211,-0.394236,1.73082,-0.319677,-0.391466,1.72409,-0.000531423,0.00180467,0.00579387,6.63549,0.0002,-2.48099e-10,-2.89728e-08,-2.48099e-10,0.000200007,8.68151e-07,-2.89728e-08,8.68151e-07,0.000199997,1
-0.315019,-0.393326,1.72873,-0.320114,-0.389946,1.72138,0.000660851,0.00271465,0.00370185,7.48222,0.0002,-2.38582e-10,-2.80346e-08,-2.38582e-10,0.000200007,8.71228e-07,-2.80346e-08,8.71228e-07,0.000199997,0
-0.314,-0.3925,1.72726,-0.320141,-0.389927,1.72134,-0.000824262,0.00342879,0.00322655,7.48222,0.0002,-3.20889e-10,-4.24405e-08,-3.20889e-10,0.000200007,8.84517e-07,-4.24405e-08,8.84517e-07,0.000199997,0
-0.309533,-0.39247,1.72673,-0.302238,-0.393573,1.72463,0.0036426,0.00345913,0.00270027,3.37021,0.0002,-4.81388e-10,-6.67462e-08,-4.81388e-10,0.000200008,9.04383e-07,-6.67462e-08,9.04383e-07,0.000199997,0
-0.305885,-0.392496,1.72669,-0.302197,-0.393766,1.72498,0.000939434,0.00315221,0.00567797,3.41618,0.0002,-6.0492e-10,-8.04827e-08,-6.0492e-10,0.000200008,9.27717e-07,-8.04827e-08,9.27717e-07,0.000199997,0
-0.303067,-0.392644,1.72712,-0.302138,-0.393884,1.72524,0.00375697,0.00300353,0.00611049,3.44627,0.0002,-5.89976e-10,-7.28048e-08,-5.89976e-10,0.000200008,9.2459e-07,-7.28048e-08,9.2459e-07,0.000199997,0
-0.300834,-0.392882,1.72676,-0.302011,-0.393908,1.72531,0.00598965,0.00276617,0.00574697,3.45776,0.0002,-4.58478e-10,-4.93356e-08,-4.58478e-10,0.000200008,9.15162e-07,-4.93356e-08,9.15162e-07,0.000199997,0
-0.299008,-0.392947,1.72651,-0.301922,-0.393948,1.72551,0.0078158,0.00270076,0.0054976,3.44918,0.0002,-4.80929e-10,-5.54273e-08,-4.80929e-10,0.000200008,9.12681e-07,-5.54273e-08,9.12681e-07,0.000199997,0
-0.297567,-0.392945,1.726,-0.301867,-0.393973,1.72554,0.00302547,0.00214789,-0.00214629,3.46068,0.0002,-5.54329e-10,-6.86781e-08,-5.54329e-10,0.000200008,9.06167e-07,-6.86781e-08,9.06167e-07,0.000199997,0
-0.294959,-0.393393,1.72723,-0.294026,-0.395744,1.73473,0.00563315,0.00169987,-0.000921049,3.66167,0.0002,-5.05525e-10,-6.03183e-08,-5.05525e-10,0.000200007,8.83943e-07,-6.03183e-08,8.83943e-07,0.000199997,0
-0.292785,-0.393631,1.72874,-0.294027,-0.395758,1.73479,0.00780741,0.001461,0.000588644,3.66167,0.0002,-5.87925e-10,-7.49972e-08,-5.87925e-10,0.000200007,8.83846e-07,-7.49972e-08,8.83846e-07,0.000199997,0
-0.290966,-0.393753,1.73009,-0.293891,-0.395784,1.73501,-0.00183847,0.00115554,0.00668458,3.65068,0.0002,-7.2978e-10,-9.66029e-08,-7.2978e-10,0.000200007,8.922e-07,-9.66029e-08,8.922e-07,0.000199997,0
-0.289411,-0.393907,1.73152,-0.293757,-0.395813,1.73514,-0.000283524,0.00100113,0.00810675,3.64261,0.0002,-8.03083e-10,-1.02545e-07,-8.03083e-10,0.000200008,9.09165e-07,-1.02545e-07,9.09165e-07,0.000199997,0
-0.28826,-0.39404,1.73298,-0.293681,-0.395884,1.7352,0.000867104,0.000868717,0.00956753,3.63359,0.0002,-8.5288e-10,-1.0758e-07,-8.5288e-10,0.000200008,9.02606e-07,-1.0758e-07,9.02606e-07,0.000199997,0
-0.285014,-0.393954,1.73426,-0.281279,-0.394383,1.7368,-0.00161631,0.000497294,0.00601875,2.85112,0.0002,-7.70307e-10,-9.33415e-08,-7.70307e-10,0.000200007,8.73698e-07,-9.33415e-08,8.73698e-07,0.000199997,0
-0.282327,-0.394015,1.73489,-0.28114,-0.394446,1.7369,0.00107117,0.000436156,0.00664985,2.85112,0.0002,-6.03464e-10,-6.54161e-08,-6.03464e-10,0.000200007,8.6522e-07,-6.54161e-08,8.6522e-07,0.000199997,0
-0.280089,-0.393903,1.73552,-0.281107,-0.394469,1.73702,0.00330847,0.000547741,0.00728186,2.84091,0.0002,-6.2926e-10,-7.40631e-08,-6.2926e-10,0.000200007,8.72679e-07,-7.40631e-08,8.72679e-07,0.000199997,0
-0.278394,-0.393754,1.73521,-0.281087,-0.394526,1.73705,-0.000282513,0.000974629,0.00555542,2.83402,0.0002,-7.08746e-10,-9.06775e-08,-7.08746e-10,0.000200007,8.61814e-07,-9.06775e-08,8.61814e-07,0.000199997,0
-0.27712,-0.393759,1.73466,-0.281067,-0.394541,1.73715,0.000990556,0.000968922,0.00501172,2.83719,0.0002,-6.53488e-10,-8.15409e-08,-6.53488e-10,0.000200007,8.40866e-07,-8.15409e-08,8.40866e-07,0.000199997,0
-0.275985,-0.393662,1.73487,-0.281043,-0.394547,1.73724,-0.00334265,0.000616768,0.00707631,2.83402,0.0002,-7.12095e-10,-9.25161e-08,-7.12095e-10,0.000200007,8.45386e-07,-9.25161e-08,8.45386e-07,0.000199997,0
-0.272942,-0.393678,1.73482,-0.270666,-0.395167,1.73464,-0.00029919,0.000600054,0.00702964,2.87785,0.0002,-7.95106e-10,-1.04748e-07,-7.95106e-10,0.000200007,8.57771e-07,-1.04748e-07,8.57771e-07,0.000199997,0
-0.270413,-0.393706,1.73552,-0.270529,-0.39518,1.73472,-0.000470729,0.000152321,0.0106737,2.88738,0.0002,-8.60637e-10,-1.11167e-07,-8.60637e-10,0.000200007,8.76289e-07,-1.11167e-07,8.76289e-07,0.000199997,0
-0.268338,-0.393768,1.73632,-0.270514,-0.395211,1.73483,0.00160407,9.0064e-05,0.0114661,2.88738,0.0002,-8.85847e-10,-1.10001e-07,-8.85847e-10,0.000200007,8.95934e-07,-1.10001e-07,8.95934e-07,0.000199997,0
-0.266635,-0.393809,1.73696,-0.270507,-0.395207,1.73486,0.00330721,4.88639e-05,0.0121063,2.87785,0.0002,-9.16131e-10,-1.1065e-07,-9.16131e-10,0.000200008,9.15188e-07,-1.1065e-07,9.15188e-07,0.000199997,0
-0.265337,-0.393834,1.73757,-0.270497,-0.395224,1.73487,-0.00132583,-0.000670206,0.00965394,2.88738,0.0002,-9.4207e-10,-1.12982e-07,-9.4207e-10,0.000200008,9.16845e-07,-1.12982e-07,9.16845e-07,0.000199997,0
-0.264335,-0.393712,1.73838,-0.270452,-0.395229,1.73488,-0.000324144,-0.000547607,0.0104604,2.86833,0.0002,-1.09438e-09,-1.37723e-07,-1.09438e-09,0.000200008,9.10513e-07,-1.37723e-07,9.10513e-07,0.000199997,0
-0.261294,-0.393353,1.73796,-0.258396,-0.393235,1.73216,0.00271741,-0.000188366,0.0100442,2.3721,0.0002,-1.0589e-09,-1.31693e-07,-1.0589e-09,0.000200007,8.79111e-07,-1.31693e-07,8.79111e-07,0.000199997,0
-0.258878,-0.393008,1.73774,-0.258328,-0.393242,1.73221,-0.00133799,-0.000174632,0.00408446,2.36362,0.0002,-1.07636e-09,-1.37244e-07,-1.07636e-09,0.000200007,8.53961e-07,-1.37244e-07,8.53961e-07,0.000199997,0
-0.25685,-0.392635,1.73801,-0.258198,-0.393248,1.73235,0.000690275,0.000197865,0.00435001,2.3836,0.0002,-1.18627e-09,-1.56589e-07,-1.18627e-09,0.000200007,8.48985e-07,-1.56589e-07,8.48985e-07,0.000199997,0
-0.255212,-0.39234,1.73906,-0.258121,-0.39326,1.7324,-0.00349257,-0.00070605,0.00967153,2.37765,0.0002,-1.27377e-09,-1.69363e-07,-1.27377e-09,0.000200007,8.45711e-07,-1.69363e-07,8.45711e-07,0.000199997,0
-0.253734,-0.392249,1.74033,-0.258055,-0.393254,1.73248,-0.00201486,-0.000614715,0.0109422,2.38673,0.0002,-1.23819e-09,-1.5467e-07,-1.23819e-09,0.000200007,8.68273e-07,-1.5467e-07,8.68273e-07,0.000199997,0
-0.249735,-0.391991,1.74247,-0.24437,-0.391887,1.73756,-0.00366336,-0.00115251,0.00836896,2.06087,0.0002,-1.13101e-09,-1.30718e-07,-1.13101e-09,0.000200007,8.95633e-07,-1.30718e-07,8.95633e-07,0.000199997,0
-0.246609,-0.391733,1.74407,-0.244368,-0.391905,1.73755,-0.000537705,-0.000895085,0.00997276,2.05145,0.0002,-1.08467e-09,-1.24349e-07,-1.08467e-09,0.000200007,9.01247e-07,-1.24349e-07,9.01247e-07,0.000199997,0
-0.24413,-0.391431,1.74548,-0.244274,-0.391938,1.73764,0.00194214,-0.000592737,0.0113777,2.05145,0.0002,-1.14329e-09,-1.36995e-07,-1.14329e-09,0.000200007,8.98429e-07,-1.36995e-07,8.98429e-07,0.000199997,0
-0.24224,-0.39108,1.7464,-0.244216,-0.391958,1.73768,-0.00249996,-0.0010831,0.00100235,2.0469,0.0002,-1.27955e-09,-1.63147e-07,-1.27955e-09,0.000200007,8.79549e-07,-1.63147e-07,8.79549e-07,0.000199997,0
-0.240705,-0.390778,1.74726,-0.244186,-0.391977,1.73774,-0.000965173,-0.000780576,0.00185809,2.0469,0.0002,-1.41133e-09,-1.8416e-07,-1.41133e-09,0.000200007,8.7013e-07,-1.8416e-07,8.7013e-07,0.000199997,0
-0.236781,-0.389784,1.75019,-0.230643,-0.387938,1.74846,0.00295933,0.00021273,0.00479102,1.39277,0.0002,-1.45039e-09,-1.87257e-07,-1.45039e-09,0.000200007,8.62501e-07,-1.87257e-07,8.62501e-07,0.000199997,0
-0.233524,-0.389059,1.75318,-0.230548,-0.387954,1.74857,0.00100408,-0.00126452,0.00238023,1.39277,0.0002,-1.4399e-09,-1.79472e-07,-1.4399e-09,0.000200007,8.73228e-07,-1.79472e-07,8.73228e-07,0.000199997,0
-0.230831,-0.388414,1.75542,-0.230488,-0.387933,1.74886,0.00369695,-0.000619059,0.0046211,1.40549,0.0002,-1.50057e-09,-1.84576e-07,-1.50057e-09,0.000200007,8.92047e-07,-1.84576e-07,8.92047e-07,0.000199997,1
-0.228739,-0.388065,1.75671,-0.230409,-0.387961,1.74893,0.0001413,-0.0013332,-0.00312856,1.39592,0.0002,-1.38027e-09,-1.61792e-07,-1.38027e-09,0.000200007,8.91711e-07,-1.61792e-07,8.91711e-07,0.000199997,1
-0.227025,-0.3877,1.75734,-0.230333,-0.387994,1.74898,0.00185582,-0.000967835,-0.00250017,1.40301,0.0002,-1.37447e-09,-1.62106e-07,-1.37447e-09,0.000200007,8.95595e-07,-1.62106e-07,8.95595e-07,0.000199997,1
-0.225746,-0.387337,1.75786,-0.230304,-0.387986,1.74909,6.58143e-05,-0.000953132,-0.00938625,1.40716,0.0002,-1.41842e-09,-1.7332e-07,-1.41842e-09,0.000200007,8.82113e-07,-1.7332e-07,8.82113e-07,0.000199997,1
-0.223337,-0.386886,1.76453,-0.222382,-0.387229,1.77776,0.00247557,-0.00050175,-0.00271697,2.11069,0.0002,-1.40514e-09,-1.78403e-07,-1.40514e-09,0.000200007,8.42683e-07,-1.78403e-07,8.42683e-07,0.000199997,0
-0.221394,-0.386565,1.77049,-0.222344,-0.387248,1.77776,0.00441769,-0.000180902,0.00324079,2.11353,0.0002,-1.36898e-09,-1.77052e-07,-1.36898e-09,0.000200007,8.18276e-07,-1.77052e-07,8.18276e-07,0.000199997,0
-0.219748,-0.386339,1.7759,-0.222333,-0.387299,1.77785,0.000114773,-0.00160629,0.0047153,2.10668,0.0002,-1.34627e-09,-1.74165e-07,-1.34627e-09,0.000200006,8.16939e-07,-1.74165e-07,8.16939e-07,0.000199997,0
-0.218272,-0.386185,1.78032,-0.222329,-0.387304,1.77785,0.00159044,-0.00145294,0.00914189,2.12038,0.0002,-1.33881e-09,-1.68924e-07,-1.33881e-09,0.000200007,8.4117e-07,-1.68924e-07,8.4117e-07,0.000199997,0
-0.217014,-0.386105,1.78377,-0.222317,-0.387297,1.77788,0.00284827,-0.00137301,0.012586,2.09983,0.0002,-1.30921e-09,-1.59133e-07,-1.30921e-09,0.000200007,8.68577e-07,-1.59133e-07,8.68577e-07,0.000199997,0
-0.21609,-0.385952,1.786,-0.222301,-0.387324,1.77786,-0.00131766,-0.00251288,0.00821112,2.10668,0.0002,-1.35854e-09,-1.68207e-07,-1.35854e-09,0.000200007,8.72336e-07,-1.68207e-07,8.72336e-07,0.000199997,0
-0.212921,-0.385158,1.79214,-0.210157,-0.384949,1.79857,0.00185137,-0.00171919,0.014347,1.87232,0.0002,-1.56516e-09,-2.02859e-07,-1.56516e-09,0.000200007,8.75283e-07,-2.02859e-07,8.75283e-07,0.000199997,0
-0.210381,-0.384523,1.79748,-0.21012,-0.384979,1.79868,-0.00137752,-0.00236079,0.00400196,1.87874,0.0002,-1.7401e-09,-2.27143e-07,-1.7401e-09,0.000200007,8.76528e-07,-2.27143e-07,8.76528e-07,0.000199997,0
-0.208237,-0.384075,1.80219,-0.210063,-0.384992,1.79876,0.000766283,-0.00191353,0.0087082,1.87232,0.0002,-1.85056e-09,-2.34422e-07,-1.85056e-09,0.000200007,8.9313e-07,-2.34422e-07,8.9313e-07,0.000199997,0
-0.20646,-0.38375,1.80618,-0.209999,-0.385023,1.79885,-0.00325024,-0.00383618,-0.00585264,1.87232,0.0002,-1.9244e-09,-2.35713e-07,-1.9244e-09,0.000200008,9.11524e-07,-2.35713e-07,9.11524e-07,0.000199997,0
-0.205195,-0.383805,1.80824,-0.209958,-0.385014,1.79891,-0.00198518,-0.00389128,-0.00378791,1.87874,0.0002,-1.63655e-09,-1.85543e-07,-1.63655e-09,0.000200007,8.97218e-07,-1.85543e-07,8.97218e-07,0.000199997,0
-0.201918,-0.383077,1.81481,-0.198304,-0.381648,1.82554,0.00129158,-0.0031632,0.00277784,2.7361,0.0002,-1.46851e-09,-1.65512e-07,-1.46851e-09,0.000200007,8.78145e-07,-1.65512e-07,8.78145e-07,0.000199997,0
-0.199345,-0.382447,1.82025,-0.198104,-0.381881,1.82596,-0.00230112,-0.00379252,-0.00050323,2.05735,0.0002,-1.41758e-09,-1.68715e-07,-1.41758e-09,0.000200007,8.51544e-07,-1.68715e-07,8.51544e-07,0.000199997,1
-0.19729,-0.381937,1.82481,-0.198111,-0.381881,1.82599,-0.00024543,-0.00328317,0.00406204,2.05847,0.0002,-1.39134e-09,-1.72414e-07,-1.39134e-09,0.000200007,8.34157e-07,-1.72414e-07,8.34157e-07,0.000199997,1
-0.195622,-0.381363,1.82919,-0.198112,-0.381868,1.82602,0.00142244,-0.00270912,0.00844335,2.05847,0.0002,-1.52583e-09,-2.02007e-07,-1.52583e-09,0.000200007,8.26436e-07,-2.02007e-07,8.26436e-07,0.000199997,1
-0.194289,-0.3809,1.83333,-0.198114,-0.381869,1.82605,-0.00260637,-0.00412608,0.00476544,2.05847,0.0002,-1.64088e-09,-2.22454e-07,-1.64088e-09,0.000200006,8.21018e-07,-2.22454e-07,8.21018e-07,0.000199997,1
-0.193065,-0.380618,1.83705,-0.198099,-0.381874,1.82605,-0.00138223,-0.00384355,0.00848676,2.05847,0.0002,-1.69628e-09,-2.22639e-07,-1.69628e-09,0.000200007,8.42227e-07,-2.22639e-07,8.42227e-07,0.000199997,1
-0.189987,-0.379867,1.84401,-0.18694,-0.378865,1.84856,-0.00398731,-0.00456244,0.00524801,2.02305,0.0002,-1.62307e-09,-2.07494e-07,-1.62307e-09,0.000200007,8.35349e-07,-2.07494e-07,8.35349e-07,0.000199997,3
-0.187657,-0.379185,1.84906,-0.186942,-0.378866,1.84858,-0.00165775,-0.00388058,0.0103021,2.02723,0.0002,-1.60691e-09,-2.11356e-07,-1.60691e-09,0.000200006,8.09493e-07,-2.11356e-07,8.09493e-07,0.000199997,3
-0.185935,-0.378458,1.85312,-0.186943,-0.378886,1.84864,6.41878e-05,-0.0031531,0.0143573,2.03244,0.000200001,-1.71426e-09,-2.44085e-07,-1.71426e-09,0.000200006,7.69957e-07,-2.44085e-07,7.69957e-07,0.000199998,3
-0.184392,-0.377959,1.85636,-0.186898,-0.378886,1.84863,-0.00126362,-0.00308005,0.0075398,2.02305,0.000200001,-1.76976e-09,-2.5226e-07,-1.76976e-09,0.000200006,7.69583e-07,-2.5226e-07,7.69583e-07,0.000199998,3
-0.183049,-0.37755,1.85885,-0.18689,-0.378897,1.84864,7.95225e-05,-0.00267113,0.0100333,2.0154,0.000200001,-1.85292e-09,-2.59968e-07,-1.85292e-09,0.000200006,7.86322e-07,-2.59968e-07,7.86322e-07,0.000199998,3
-0.180717,-0.376864,1.86982,-0.181021,-0.377536,1.8909,-0.00250025,-0.00411987,0.0102275,4.99653,0.000200001,-1.99191e-09,-2.74009e-07,-1.99191e-09,0.000200006,8.12026e-07,-2.74009e-07,8.12026e-07,0.000199998,2
-0.178729,-0.3764,1.8784,-0.180984,-0.377538,1.89102,-0.000512738,-0.00365536,0.0188142,5.01051,0.000200001,-2.06754e-09,-2.70893e-07,-2.06754e-09,0.000200006,8.46414e-07,-2.70893e-07,8.46414e-07,0.000199997,2
-0.177186,-0.375989,1.88486,-0.180933,-0.377534,1.89104,0.00103108,-0.00324443,0.025275,5.00875,0.000200001,-2.14504e-09,-2.75917e-07,-2.14504e-09,0.000200007,8.59071e-07,-2.75917e-07,8.59071e-07,0.000199997,2
-0.176141,-0.375762,1.89003,-0.18093,-0.377547,1.89102,-0.00209511,-0.00419237,0.0118887,5.00875,0.000200001,-2.0635e-09,-2.64044e-07,-2.0635e-09,0.000200007,8.36321e-07,-2.64044e-07,8.36321e-07,0.000199997,2
-0.175257,-0.37565,1.89431,-0.18088,-0.377654,1.89123,-0.00121091,-0.00408085,0.0161663,4.29328,0.000200001,-1.96864e-09,-2.49367e-07,-1.96864e-09,0.000200006,8.27773e-07,-2.49367e-07,8.27773e-07,0.000199997,3
-0.174483,-0.375423,1.89804,-0.180876,-0.377658,1.89124,-0.00674424,-0.00583502,0.0150793,4.2881,0.000200001,-2.03597e-09,-2.6294e-07,-2.03597e-09,0.000200006,8.32531e-07,-2.6294e-07,8.32531e-07,0.000199997,3
-0.171002,-0.374325,1.90361,-0.166547,-0.373139,1.90207,-0.0032632,-0.00473707,0.0206475,1.77145,0.000200001,-2.09825e-09,-2.72912e-07,-2.09825e-09,0.000200006,8.35134e-07,-2.72912e-07,8.35134e-07,0.000199997,2
-0.168083,-0.373438,1.90827,-0.16654,-0.373129,1.90208,-0.000344276,-0.00384971,0.0253106,1.77145,0.000200001,-2.19762e-09,-2.81426e-07,-2.19762e-09,0.000200007,8.57706e-07,-2.81426e-07,8.57706e-07,0.000199997,2
-0.165807,-0.372764,1.91148,-0.166559,-0.373133,1.90207,0.00193189,-0.00317586,0.0285214,1.76073,0.000200001,-2.22898e-09,-2.81532e-07,-2.22898e-09,0.000200007,8.63251e-07,-2.81532e-07,8.63251e-07,0.000199997,2
-0.164056,-0.37216,1.91426,-0.166561,-0.373154,1.90207,0.00368302,-0.00257165,0.0312969,1.76073,0.000200001,-2.2947e-09,-2.93183e-07,-2.2947e-09,0.000200007,8.5542e-07,-2.93183e-07,8.5542e-07,0.000199997,2
-0.162605,-0.371561,1.91648,-0.166565,-0.373134,1.90207,-0.00629211,-0.00496331,0.00703729,1.77243,0.000200001,-2.46233e-09,-3.1893e-07,-2.46233e-09,0.000200007,8.58225e-07,-3.1893e-07,8.58225e-07,0.000199997,2
-0.161494,-0.371188,1.91826,-0.166552,-0.373135,1.9021,-0.00518104,-0.00459056,0.00882071,1.77243,0.000200001,-2.4808e-09,-3.1863e-07,-2.4808e-09,0.000200007,8.51635e-07,-3.1863e-07,8.51635e-07,0.000199997,2
-0.157605,-0.370025,1.92432,-0.151447,-0.368782,1.92477,-0.00129178,-0.00342793,0.014883,1.69801,0.000200001,-2.46457e-09,-3.14644e-07,-2.46457e-09,0.000200007,8.45182e-07,-3.14644e-07,8.45182e-07,0.000199997,4
-0.154477,-0.369094,1.92959,-0.151355,-0.368803,1.92477,0.00183579,-0.00249628,0.0201466,1.6869,0.000200001,-2.45831e-09,-3.14067e-07,-2.45831e-09,0.000200007,8.40318e-07,-3.14067e-07,8.40318e-07,0.000199997,4
-0.151945,-0.368402,1.9329,-0.151207,-0.36877,1.92492,0.0043674,-0.00180489,0.0234564,1.70356,0.000200001,-2.39995e-09,-3.0417e-07,-2.39995e-09,0.000200007,8.37196e-07,-3.0417e-07,8.37196e-07,0.000199997,4
-0.149923,-0.367782,1.93504,-0.151202,-0.368787,1.925,0.000890753,-0.00285274,0.00579229,1.70749,0.000200001,-2.41529e-09,-3.09385e-07,-2.41529e-09,0.000200007,8.34438e-07,-3.09385e-07,8.34438e-07,0.000199997,5
-0.148432,-0.367197,1.93635,-0.151208,-0.368807,1.925,-0.0029976,-0.00458019,-0.00880387,1.70749,0.000200001,-2.46502e-09,-3.27357e-07,-2.46502e-09,0.000200006,8.12432e-07,-3.27357e-07,8.12432e-07,0.000199997,5
-0.145109,-0.366102,1.94384,-0.141177,-0.365831,1.95624,0.000324872,-0.00348482,-0.00130635,1.77361,0.000200001,-2.55718e-09,-3.4033e-07,-2.55718e-09,0.000200006,8.19646e-07,-3.4033e-07,8.19646e-07,0.000199997,2
-0.142411,-0.365202,1.95004,-0.141156,-0.365831,1.95622,0.00302299,-0.00258531,0.00489508,1.78007,0.000200001,-2.66824e-09,-3.53464e-07,-2.66824e-09,0.000200006,8.29566e-07,-3.53464e-07,8.29566e-07,0.000199997,2
-0.140207,-0.364592,1.95439,-0.141146,-0.365824,1.95622,0.00522744,-0.00197552,0.00923547,1.78007,0.000200001,-2.67524e-09,-3.44582e-07,-2.67524e-09,0.000200007,8.42807e-07,-3.44582e-07,8.42807e-07,0.000199997,2
-0.138443,-0.36419,1.95768,-0.141097,-0.365802,1.95635,0.00699142,-0.00157303,0.012527,1.77449,0.000200001,-2.59492e-09,-3.24994e-07,-2.59492e-09,0.000200007,8.49633e-07,-3.24994e-07,8.49633e-07,0.000199997,2
-0.13699,-0.363847,1.95991,-0.14108,-0.365797,1.95643,0.0015767,-0.00482894,-0.00216866,1.77449,0.000200001,-2.56007e-09,-3.15906e-07,-2.56007e-09,0.000200007,8.60007e-07,-3.15906e-07,8.60007e-07,0.000199997,2
-0.135923,-0.363562,1.9615,-0.141075,-0.365794,1.95646,0.00264398,-0.0045439,-0.000581889,1.7689,0.000200001,-2.51093e-09,-3.11804e-07,-2.51093e-09,0.000200007,8.51251e-07,-3.11804e-07,8.51251e-07,0.000199997,2
-0.133053,-0.362646,1.96626,-0.130378,-0.363017,1.97653,0.00551423,-0.00362825,0.004183,1.86926,0.000200001,-2.53537e-09,-3.27561e-07,-2.53537e-09,0.000200006,8.26991e-07,-3.27561e-07,8.26991e-07,0.000199997,3
-0.130742,-0.361883,1.96914,-0.130347,-0.363031,1.97653,0.00782526,-0.00286535,0.00706242,1.87199,0.000200001,-2.58604e-09,-3.43114e-07,-2.58604e-09,0.000200006,8.12827e-07,-3.43114e-07,8.12827e-07,0.000199997,3
-0.128866,-0.361283,1.97115,-0.130346,-0.363042,1.97658,0.00970048,-0.0022654,0.00906628,1.86392,0.000200001,-2.62864e-09,-3.5196e-07,-2.62864e-09,0.000200006,8.07887e-07,-3.5196e-07,8.07887e-07,0.000199997,3
-0.127329,-0.360876,1.97275,-0.130322,-0.363026,1.97658,0.0112378,-0.00185866,0.01067,1.87461,0.000200001,-2.60936e-09,-3.45665e-07,-2.60936e-09,0.000200006,8.09774e-07,-3.45665e-07,8.09774e-07,0.000199997,3
-0.126053,-0.360395,1.97397,-0.130538,-0.362557,1.97573,0.00104915,-0.00481029,-0.00944233,1.7714,0.000200001,-2.67995e-09,-3.51943e-07,-2.67995e-09,0.000200006,8.25093e-07,-3.51943e-07,8.25093e-07,0.000199997,4
-0.122881,-0.359239,1.97694,-0.11995,-0.358852,1.98885,0.00154713,-0.00562704,-0.00663651,2.11269,0.000200001,-2.76625e-09,-3.58767e-07,-2.76625e-09,0.000200007,8.411e-07,-3.58767e-07,8.411e-07,0.000199997,4
-0.12091,-0.358511,1.97912,-0.119956,-0.358862,1.98884,0.00351828,-0.00489826,-0.00446404,2.10737,0.000200001,-2.46531e-09,-3.32613e-07,-2.46531e-09,0.000200006,7.60744e-07,-3.32613e-07,7.60744e-07,0.000199997,4
-0.119981,-0.35825,1.98044,-0.119958,-0.358845,1.98884,0.00444785,-0.00463777,-0.00313992,2.11269,0.000200001,-1.81783e-09,-2.64131e-07,-1.81783e-09,0.000200004,6.05608e-07,-2.64131e-07,6.05608e-07,0.000199998,4
-0.119488,-0.358109,1.98129,-0.119958,-0.358863,1.98883,0.00494071,-0.00449667,-0.00228933,2.10737,0.000200001,-1.29524e-09,-2.10448e-07,-1.29524e-09,0.000200003,4.66086e-07,-2.10448e-07,4.66086e-07,0.000199998,4
-0.119348,-0.35815,1.98197,-0.119953,-0.358835,1.98883,-0.00288609,-0.00772789,-0.0109393,2.11801,0.0002,-8.4767e-10,-1.50946e-07,-8.4767e-10,0.000200002,3.35759e-07,-1.50946e-07,3.35759e-07,0.000199999,4
-0.119313,-0.358221,1.98252,-0.119948,-0.358858,1.98884,-0.00531217,-0.00936232,-0.00829375,2.11269,0.0002,-5.49477e-10,-1.07462e-07,-5.49477e-10,0.000200001,2.39854e-07,-1.07462e-07,2.39854e-07,0.000199999,4
-0.117928,-0.35834,1.98353,-0.113163,-0.359163,1.99172,-0.00392699,-0.00948063,-0.00728179,3.87411,0.0002,-3.62466e-10,-7.96454e-08,-3.62466e-10,0.000200001,1.7847e-07,-7.96454e-08,1.7847e-07,0.000199999,4
-0.116886,-0.358441,1.98465,-0.113162,-0.359163,1.99173,-0.0028855,-0.00958192,-0.00615995,3.87948,0.0002,-2.37834e-10,-6.09071e-08,-2.37834e-10,0.000200001,1.2845e-07,-6.09071e-08,1.2845e-07,0.0002,4
-0.116092,-0.358539,1.98576,-0.113163,-0.359161,1.99174,-0.00209136,-0.00968011,-0.00505298,3.87948,0.0002,-1.54523e-10,-4.61994e-08,-1.54523e-10,0.0002,9.01903e-08,-4.61994e-08,9.01903e-08,0.0002,4
-0.115496,-0.358579,1.98656,-0.113359,-0.358967,1.99132,-0.00594254,-0.0116556,-0.0018115,4.48505,0.0002,-1.01425e-10,-3.67954e-08,-1.01425e-10,0.0002,6.56961e-08,-3.67954e-08,6.56961e-08,0.0002,3
-0.115027,-0.358643,1.9873,-0.113344,-0.358984,1.99132,-0.00543717,-0.0118441,0.00052444,4.4846,0.0002,-6.55069e-11,-2.62966e-08,-6.55069e-11,0.0002,4.82731e-08,-2.62966e-08,4.82731e-08,0.0002,3
-0.114679,-0.358055,1.98678,-0.113571,-0.355597,1.98574,-0.00508995,-0.0112568,4.24468e-06,2.18631,0.0002,-4.13572e-11,-1.33565e-08,-4.13572e-11,0.0002,3.98726e-08,-1.33565e-08,3.98726e-08,0.0002,6
-0.114401,-0.357587,1.98637,-0.113568,-0.355607,1.98574,-0.00481159,-0.0107889,-0.000412311,2.18631,0.0002,-2.59121e-11,-5.0701e-09,-2.59121e-11,0.0002,3.44944e-08,-5.0701e-09,3.44944e-08,0.0002,6
-0.114205,-0.3572,1.98613,-0.113562,-0.355595,1.98572,-0.00461581,-0.0104014,-0.000645083,2.19149,0.0002,-1.62864e-11,-1.50456e-09,-1.62864e-11,0.0002,2.65639e-08,-1.50456e-09,2.65639e-08,0.0002,6
-0.114076,-0.356878,1.98605,-0.113561,-0.355591,1.98572,-0.00448692,-0.0100797,-0.000727355,2.18631,0.0002,-1.04028e-11,-9.62919e-10,-1.04028e-11,0.0002,1.70009e-08,-9.62919e-10,1.70009e-08,0.0002,6
-0.113989,-0.356568,1.9858,-0.113694,-0.355468,1.98531,-0.00558069,-0.00943955,0.00460116,2.20255,0.0002,-7.02814e-12,-5.1032e-09,-7.02814e-12,0.0002,1.26223e-08,-5.1032e-09,1.26223e-08,0.0002,5
-0.11393,-0.356354,1.98571,-0.113694,-0.355498,1.98533,-0.0055216,-0.00922545,0.00450601,2.19218,0.0002,-4.46503e-12,-3.26605e-09,-4.46503e-12,0.0002,8.07827e-09,-3.26605e-09,8.07827e-09,0.0002,5
-0.113762,-0.356142,1.98411,-0.113092,-0.355293,1.97772,-0.00535389,-0.00901323,0.00290985,2.13266,0.0002,-2.84411e-12,-2.09027e-09,-2.84411e-12,0.0002,5.17009e-09,-2.09027e-09,5.17009e-09,0.0002,4
-0.113639,-0.355986,1.98284,-0.113145,-0.355363,1.97774,-0.00523051,-0.00885744,0.00163684,2.11018,0.0002,-1.8147e-12,-1.33777e-09,-1.8147e-12,0.0002,3.30886e-09,-1.33777e-09,3.30886e-09,0.0002,4
-0.113528,-0.355844,1.98181,-0.113082,-0.355276,1.97772,-0.00511913,-0.00871541,0.000612959,2.12742,0.0002,-1.15914e-12,-8.56175e-10,-1.15914e-12,0.0002,2.11767e-09,-8.56175e-10,2.11767e-09,0.0002,4
-0.113439,-0.355728,1.981,-0.113086,-0.355266,1.97774,-0.0051041,-0.00852655,-1.1814e-05,2.12166,0.0002,-7.40922e-13,-5.47952e-10,-7.40922e-13,0.0002,1.35531e-09,-5.47952e-10,1.35531e-09,0.0002,4
-0.113376,-0.355641,1.98036,-0.113124,-0.35529,1.9778,-0.00504109,-0.00843878,-0.000652394,2.1189,0.0002,-4.7381e-13,-3.50689e-10,-4.7381e-13,0.0002,8.67397e-10,-3.50689e-10,8.67397e-10,0.0002,4
-0.113368,-0.355416,1.98057,-0.113334,-0.354518,1.98142,-0.00503254,-0.00821433,-0.000438949,1.917,0.0002,-3.03082e-13,-2.24441e-10,-3.03082e-13,0.0002,5.55134e-10,-2.24441e-10,5.55134e-10,0.0002,3
-0.113361,-0.355239,1.98074,-0.113332,-0.354531,1.98143,-0.00502546,-0.00803734,-0.000266655,1.91177,0.0002,-1.93909e-13,-1.43642e-10,-1.93909e-13,0.0002,3.55286e-10,-1.43642e-10,3.55286e-10,0.0002,3
-0.113353,-0.355098,1.98088,-0.113322,-0.354531,1.98143,-0.00486295,-0.00791674,0.00067092,1.91177,0.0002,-1.24076e-13,-9.19311e-11,-1.24076e-13,0.0002,2.27383e-10,-9.19311e-11,2.27383e-10,0.0002,3
-0.113349,-0.354984,1.98099,-0.113332,-0.354531,1.98144,-0.00485887,-0.00780338,0.000782042,1.917,0.0002,-7.93977e-14,-5.88359e-11,-7.93977e-14,0.0002,1.45525e-10,-5.88359e-11,1.45525e-10,0.0002,3
-0.113344,-0.35489,1.98108,-0.113327,-0.354513,1.98142,-0.00527265,-0.00797448,0.0019379,1.92224,0.0002,-5.08101e-14,-3.7655e-11,-5.08101e-14,0.0002,9.31361e-11,-3.7655e-11,9.31361e-11,0.0002,3
-0.113343,-0.354818,1.98115,-0.113338,-0.354528,1.98144,-0.00527134,-0.00790212,0.00201092,1.90653,0.0002,-3.25167e-14,-2.40992e-11,-3.25167e-14,0.0002,5.96071e-11,-2.40992e-11,5.96071e-11,0.0002,3
-0.113276,-0.354728,1.98143,-0.113008,-0.354371,1.98255,-0.00520432,-0.00781282,0.00229176,1.7837,0.0002,-2.08099e-14,-1.54235e-11,-2.08099e-14,0.0002,3.81485e-11,-1.54235e-11,3.81485e-11,0.0002,3
-0.113227,-0.354651,1.98166,-0.113031,-0.354343,1.98256,-0.00515531,-0.00773582,0.00251767,1.78047,0.0002,-1.33181e-14,-9.87103e-12,-1.33181e-14,0.0002,2.44151e-11,-9.87103e-12,2.44151e-11,0.0002,3
-0.113184,-0.354596,1.98184,-0.113012,-0.354372,1.98255,-0.00511236,-0.00768004,0.00269671,1.7837,0.0002,-8.52344e-15,-6.31746e-12,-8.52344e-15,0.0002,1.56256e-11,-6.31746e-12,1.56256e-11,0.0002,3
-0.113152,-0.354549,1.98198,-0.113024,-0.354361,1.98255,-0.00506766,-0.00774898,0.00592969,1.78571,0.0002,-5.45495e-15,-4.04317e-12,-5.45495e-15,0.0002,1.00004e-11,-4.04317e-12,1.00004e-11,0.0002,3
-0.113123,-0.354506,1.98209,-0.113006,-0.354333,1.98255,-0.00503835,-0.0077058,0.00604455,1.79417,0.0002,-3.49115e-15,-2.58763e-12,-3.49115e-15,0.0002,6.40026e-12,-2.58763e-12,6.40026e-12,0.0002,3
-0.113115,-0.354494,1.98008,-0.113084,-0.354446,1.97205,-0.00503067,-0.00769396,0.00403478,1.87471,0.0002,-2.23433e-15,-1.65608e-12,-2.23433e-15,0.0002,4.09617e-12,-1.65608e-12,4.09617e-12,0.0002,3
-0.113108,-0.354485,1.97848,-0.113077,-0.354449,1.97204,-0.00502304,-0.00768508,0.00242582,1.87471,0.0002,-1.42996e-15,-1.05989e-12,-1.42996e-15,0.0002,2.62155e-12,-1.05989e-12,2.62155e-12,0.0002,3
-0.113102,-0.354482,1.97719,-0.113078,-0.354469,1.97203,-0.00501722,-0.00768197,0.00113576,1.87997,0.0002,-9.15176e-16,-6.78332e-13,-9.15176e-16,0.0002,1.67779e-12,-6.78332e-13,1.67779e-12,0.0002,3
-0.113098,-0.354473,1.97616,-0.113082,-0.354436,1.97204,-0.00501335,-0.00767285,0.000107632,1.86944,0.0002,-5.85712e-16,-4.34132e-13,-5.85712e-16,0.0002,1.07379e-12,-4.34132e-13,1.07379e-12,0.0002,3
-0.113094,-0.35447,1.97533,-0.113079,-0.354461,1.97201,-0.00500953,-0.00767053,-0.000720877,1.88523,0.0002,-3.74855e-16,-2.77845e-13,-3.74855e-16,0.0002,6.87223e-13,-2.77845e-13,6.87223e-13,0.0002,3
-0.113092,-0.354463,1.97467,-0.113085,-0.354433,1.97204,-0.00477366,-0.00727093,-0.00610776,1.86944,0.0002,-2.39907e-16,-1.77821e-13,-2.39907e-16,0.0002,4.39823e-13,-1.77821e-13,4.39823e-13,0.0002,3
-0.112247,-0.353972,1.97174,-0.108867,-0.352008,1.96,-0.00392862,-0.00677996,-0.00904249,1.30266,0.0002,-1.53541e-16,-1.13805e-13,-1.53541e-16,0.0002,2.81486e-13,-1.13805e-13,2.81486e-13,0.0002,9
-0.11157,-0.353579,1.96939,-0.108863,-0.352009,1.96,-0.00325174,-0.00638743,-0.0113907,1.30266,0.0002,-9.8266e-17,-7.28353e-14,-9.8266e-17,0.0002,1.80151e-13,-7.28353e-14,1.80151e-13,0.0002,9
-0.111029,-0.353264,1.96751,-0.108864,-0.352003,1.95999,-0.00271053,-0.00607225,-0.0132706,1.30266,0.0002,-6.28903e-17,-4.66146e-14,-6.28903e-17,0.0002,1.15297e-13,-4.66146e-14,1.15297e-13,0.0002,9
-0.110598,-0.353011,1.96601,-0.108872,-0.352,1.96001,-0.00227907,-0.00581939,-0.0147711,1.30266,0.0002,-4.02498e-17,-2.98333e-14,-4.02498e-17,0.0002,7.379e-14,-2.98333e-14,7.379e-14,0.0002,9
-0.110253,-0.352809,1.96481,-0.108873,-0.352002,1.96001,-0.00193412,-0.00561748,-0.0159706,1.30266,0.0002,-2.57598e-17,-1.90933e-14,-2.57598e-17,0.0002,4.72256e-14,-1.90933e-14,4.72256e-14,0.0002,9
-0.109975,-0.352648,1.96385,-0.108864,-0.352003,1.96,-0.00165647,-0.00545613,-0.0169322,1.30266,0.0002,-1.64863e-17,-1.22197e-14,-1.64863e-17,0.0002,3.02244e-14,-1.22197e-14,3.02244e-14,0.0002,9
-0.110378,-0.35303,1.9671,-0.11199,-0.354557,1.98013,-0.00207417,-0.00597267,-0.0124355,1.6684,0.0002,-1.05512e-17,-7.82063e-15,-1.05512e-17,0.0002,1.93436e-14,-7.82063e-15,1.93436e-14,0.0002,7
-0.110699,-0.353334,1.96971,-0.111983,-0.354552,1.98014,-0.00239511,-0.00627706,-0.00982868,1.6684,0.0002,-6.75279e-18,-5.00521e-15,-6.75279e-18,0.0002,1.23799e-14,-5.00521e-15,1.23799e-14,0.0002,7
-0.110958,-0.353576,1.9718,-0.111992,-0.354541,1.98017,-0.0026538,-0.00651846,-0.0077359,1.6684,0.0002,-4.32178e-18,-3.20333e-15,-4.32178e-18,0.0002,7.92314e-15,-3.20333e-15,7.92314e-15,0.0002,7
-0.111163,-0.353771,1.97348,-0.111984,-0.354551,1.98019,-0.00285905,-0.00671357,-0.00605803,1.6684,0.0002,-2.76594e-18,-2.05013e-15,-2.76594e-18,0.0002,5.07081e-15,-2.05013e-15,5.07081e-15,0.0002,7
-0.111326,-0.353927,1.97482,-0.111979,-0.354551,1.98019,-0.00302222,-0.00686961,-0.00471576,1.67369,0.0002,-1.7702e-18,-1.31208e-15,-1.7702e-18,0.0002,3.24532e-15,-1.31208e-15,3.24532e-15,0.0002,7
-0.111693,-0.354219,1.97532,-0.113159,-0.355391,1.97729,-0.00338891,-0.0071624,-0.0042221,2.13991,0.0002,-1.13293e-18,-8.39734e-16,-1.13293e-18,0.0002,2.077e-15,-8.39734e-16,2.077e-15,0.0002,5
-0.111987,-0.354458,1.97571,-0.113164,-0.355411,1.97729,-0.00368319,-0.00740071,-0.0038276,2.11875,0.0002,-7.25075e-19,-5.3743e-16,-7.25075e-19,0.0002,1.32928e-15,-5.3743e-16,1.32928e-15,0.0002,5
-0.112223,-0.354649,1.97603,-0.113168,-0.355412,1.97732,-0.00376438,-0.00752636,-0.00375593,2.11875,0.0002,-4.64048e-19,-3.43955e-16,-4.64048e-19,0.0002,8.50741e-16,-3.43955e-16,8.50741e-16,0.0002,5
-0.112407,-0.354797,1.97628,-0.113143,-0.355388,1.97727,-0.00417006,-0.00775321,-0.00397921,2.14359,0.0002,-2.96991e-19,-2.20131e-16,-2.96991e-19,0.0002,5.44474e-16,-2.20131e-16,5.44474e-16,0.0002,5
-0.112557,-0.35492,1.97648,-0.113158,-0.355413,1.9773,-0.00432022,-0.0078765,-0.00377591,2.11875,0.0002,-1.90074e-19,-1.40884e-16,-1.90074e-19,0.0002,3.48463e-16,-1.40884e-16,3.48463e-16,0.0002,5
-0.112677,-0.355012,1.97664,-0.113158,-0.355379,1.97729,-0.00444039,-0.00796837,-0.00361566,2.14478,0.0002,-1.21647e-19,-9.01658e-17,-1.21647e-19,0.0002,2.23017e-16,-9.01658e-17,2.23017e-16,0.0002,5
-0.112768,-0.355042,1.97846,-0.11313,-0.355162,1.98574,-0.00453082,-0.00799837,-0.0017965,2.16754,0.0002,-7.78543e-20,-5.77061e-17,-7.78543e-20,0.0002,1.42731e-16,-5.77061e-17,1.42731e-16,0.0002,6
-0.112841,-0.355068,1.97992,-0.113132,-0.355172,1.98575,-0.0046037,-0.00802437,-0.000338527,2.16239,0.0002,-4.98268e-20,-3.69319e-17,-4.98268e-20,0.0002,9.13476e-17,-3.69319e-17,9.13476e-17,0.0002,6
-0.112899,-0.355087,1.98109,-0.113133,-0.355165,1.98574,-0.00466213,-0.00804374,0.000825769,2.16239,0.0002,-3.18891e-20,-2.36364e-17,-3.18891e-20,0.0002,5.84625e-17,-2.36364e-17,5.84625e-17,0.0002,6
-0.112945,-0.355104,1.98202,-0.113129,-0.355174,1.98575,-0.0045638,-0.00792613,0.000958496,2.15723,0.0002,-2.04091e-20,-1.51273e-17,-2.04091e-20,0.0002,3.7416e-17,-1.51273e-17,3.7416e-17,0.0002,6
-0.112981,-0.355118,1.98276,-0.113123,-0.35517,1.98575,-0.00459933,-0.00793932,0.00170478,2.16754,0.0002,-1.30618e-20,-9.68148e-18,-1.30618e-20,0.0002,2.39462e-17,-9.68148e-18,2.39462e-17,0.0002,6
-0.113077,-0.355118,1.98199,-0.113461,-0.35512,1.97891,-0.00469548,-0.00793987,0.000933238,2.03235,0.0002,-8.35955e-21,-6.19614e-18,-8.35955e-21,0.0002,1.53256e-17,-6.19614e-18,1.53256e-17,0.0002,5
-0.113154,-0.355119,1.98137,-0.113463,-0.355122,1.9789,-0.00477268,-0.00794054,0.000314625,2.03235,0.0002,-5.35011e-21,-3.96553e-18,-5.35011e-21,0.0002,9.80837e-18,-3.96553e-18,9.80837e-18,0.0002,5
-0.113213,-0.35512,1.98088,-0.11345,-0.355124,1.9789,-0.00483183,-0.00794153,-0.000179963,2.03622,0.0002,-3.42407e-21,-2.53794e-18,-3.42407e-21,0.0002,6.27736e-18,-2.53794e-18,6.27736e-18,0.0002,5
-0.113261,-0.35512,1.98049,-0.113453,-0.355121,1.97892,-0.00487974,-0.0079417,-0.000572191,2.03622,0.0002,-2.19141e-21,-1.62428e-18,-2.19141e-21,0.0002,4.01751e-18,-1.62428e-18,4.01751e-18,0.0002,5
-0.113302,-0.355121,1.98017,-0.113465,-0.355123,1.97891,-0.00492054,-0.00794225,-0.00088772,2.03235,0.0002,-1.4025e-21,-1.03954e-18,-1.4025e-21,0.0002,2.57121e-18,-1.03954e-18,2.57121e-18,0.0002,5
-0.113333,-0.35512,1.97992,-0.113459,-0.355119,1.97889,-0.00498932,-0.00793886,-0.00116354,2.03235,0.0002,-8.976e-22,-6.65306e-19,-8.976e-22,0.0002,1.64557e-18,-6.65306e-19,1.64557e-18,0.0002,5
-0.113255,-0.355108,1.97955,-0.112943,-0.35506,1.97806,-0.00491124,-0.00792678,-0.00153413,2.05839,0.0002,-5.74464e-22,-4.25796e-19,-5.74464e-22,0.0002,1.05317e-18,-4.25796e-19,1.05317e-18,0.0002,5
-0.113192,-0.355095,1.97925,-0.112939,-0.355042,1.97808,-0.00484792,-0.00791357,-0.00182804,2.05839,0.0002,-3.67657e-22,-2.72509e-19,-3.67657e-22,0.0002,6.74026e-19,-2.72509e-19,6.74026e-19,0.0002,5
-0.113138,-0.355087,1.97901,-0.112923,-0.355054,1.97805,-0.00479414,-0.00790536,-0.00206858,2.07401,0.0002,-2.353e-22,-1.74406e-19,-2.353e-22,0.0002,4.31377e-19,-1.74406e-19,4.31377e-19,0.0002,5
-0.113097,-0.355079,1.97882,-0.112933,-0.355049,1.97805,-0.00475308,-0.00789776,-0.00225989,2.0636,0.0002,-1.50592e-22,-1.1162e-19,-1.50592e-22,0.0002,2.76081e-19,-1.1162e-19,2.76081e-19,0.0002,5
-0.113065,-0.355077,1.97866,-0.112935,-0.355067,1.97804,-0.00472066,-0.00789525,-0.00241534,2.07922,0.0002,-9.6379e-23,-7.14367e-20,-9.6379e-23,0.0002,1.76692e-19,-7.14367e-20,1.76692e-19,0.0002,5
-0.112653,-0.354531,1.97674,-0.111007,-0.35235,1.96902,-0.00430922,-0.00734995,-0.00434435,1.69919,0.0002,-6.16826e-23,-4.57195e-20,-6.16826e-23,0.0002,1.13083e-19,-4.57195e-20,1.13083e-19,0.0002,7
